Load [MWh]
4787.76
4542.09
4397.25
4146.58
3955.73
3801.32
3693.44
3687.25
3638.67
3637.64
3979.04
4493.40
5031.78
5340.72
5169.29
4964.07
4930.80
4966.35
5257.29
5580.20
5727.54
5709.42
5514.96
5214.08
4742.54
4351.29
4022.37
3838.98
3757.57
3741.83
3866.68
4224.16
4745.83
5507.24
6140.12
6318.92
6400.31
6346.15
6266.96
6365.90
6347.23
6435.42
6751.17
7220.64
7462.49
7351.59
6947.96
6417.79
5834.98
5321.88
4952.80
4722.38
4632.03
4613.78
4715.83
5151.97
5948.17
6789.43
7093.43
7093.16
7096.34
6931.84
6803.26
6903.80
6905.16
7013.46
7341.06
7809.75
8115.08
8016.86
7555.28
6973.38
6262.77
5631.42
5220.67
4985.75
4881.72
4846.02
4949.84
5374.96
6176.98
6991.33
7413.59
7331.91
7288.42
7035.95
6832.25
6936.63
6927.91
7056.45
7439.83
7963.00
8258.36
8126.87
7680.79
7106.45
6402.16
5737.19
5320.28
5075.23
4967.54
4930.43
5001.27
5441.50
6240.68
7149.13
7470.51
7369.05
7338.96
7090.55
6913.51
6982.49
6998.17
7110.11
7434.37
7949.23
8278.44
8148.24
7714.98
7094.57
6420.80
5748.35
5281.99
5087.78
4966.10
4916.57
5033.57
5471.44
6308.76
7229.57
7557.65
7526.61
7505.05
7332.01
7208.40
7263.22
7233.76
7318.08
7609.37
8020.62
8178.29
8021.57
7599.78
7034.03
6456.61
5814.50
5391.44
5062.93
4925.05
4842.14
4824.03
4923.14
5131.52
5513.90
6024.67
6407.04
6701.29
6891.07
6829.07
6750.82
6709.54
6683.75
6965.30
7316.92
7393.72
7281.07
6747.96
6320.47
5795.50
5303.98
4931.23
4652.36
4486.47
4438.95
4439.14
4531.40
4598.97
4815.30
5351.16
5872.07
6264.56
6514.95
6321.65
6207.02
6153.75
6152.23
6513.55
6895.85
7053.38
6997.46
6608.60
6133.78
5565.05
5129.60
4783.40
4582.66
4484.23
4459.82
4580.57
5092.44
5906.36
6793.34
7220.89
7191.73
7185.81
6926.18
6808.05
6828.36
6771.48
6839.78
7104.89
7563.89
7836.91
7748.77
7300.67
6720.76
6059.74
5465.71
5097.53
4893.28
4790.25
4713.20
4849.61
5260.72
6029.41
6925.13
7326.95
7387.63
7521.35
7373.29
7329.18
7485.57
7400.69
7301.74
7413.04
7792.31
7994.43
7849.36
7448.80
6828.35
6176.71
5574.77
5182.81
4973.36
4871.39
4854.98
4911.75
5341.90
6113.11
6967.87
7247.29
7126.24
7103.08
6873.79
6787.36
6875.39
6852.19
6957.35
7163.37
7660.50
7992.74
7944.79
7460.97
6852.59
6190.58
5596.24
5211.59
4996.93
4894.84
4854.29
4996.02
5425.02
6210.50
7094.55
7445.10
7392.85
7470.69
7279.78
7155.37
7220.55
7129.82
7233.83
7497.28
7979.08
8232.31
8071.81
7553.93
6994.99
6312.40
5658.91
5249.90
5023.49
4922.81
4903.33
4993.90
5436.80
6233.57
7030.34
7393.05
7327.43
7305.13
7066.98
6865.77
6869.77
6866.59
6929.97
7166.96
7671.72
7887.17
7742.79
7324.04
6712.51
6201.93
5648.10
5243.54
4962.62
4777.47
4684.45
4698.95
4835.26
5049.67
5461.97
5916.16
6185.73
6382.47
6514.32
6421.40
6316.35
6231.31
6266.34
6575.73
7067.94
7285.07
7172.29
6727.33
6230.50
5714.02
5213.01
4850.17
4555.61
4434.56
4351.59
4329.63
4415.13
4523.40
4793.21
5212.28
5527.38
5773.50
5946.81
5721.23
5530.45
5487.46
5609.80
6102.29
6761.89
6992.34
7119.95
6758.96
6273.41
5680.13
5200.14
4864.33
4668.92
4577.12
4572.60
4674.60
5232.46
6060.51
6980.16
7451.18
7540.66
7734.48
7627.79
7558.82
7679.28
7635.00
7661.06
7769.42
8180.70
8409.47
8242.02
7730.85
7047.35
6376.11
5791.82
5388.37
5162.18
5052.08
5015.43
5113.85
5566.17
6308.00
7221.57
7604.53
7684.46
7824.19
7682.97
7589.50
7727.78
7724.64
7792.76
7991.87
8425.61
8709.82
8519.46
7943.30
7238.71
6419.80
5855.48
5453.51
5220.09
5082.76
5057.72
5182.89
5637.43
6489.72
7407.96
7794.84
7740.51
7841.45
7678.04
7550.66
7739.46
7684.52
7746.97
7981.94
8502.19
8809.29
8654.92
8206.50
7484.31
6621.51
5981.86
5584.40
5319.19
5194.51
5158.90
5283.35
5772.01
6617.14
7578.78
8009.33
8013.46
8190.51
8136.44
8040.14
8310.65
8276.17
8294.95
8334.40
8734.85
8928.25
8737.80
8247.42
7577.90
6709.89
5984.16
5558.49
5285.94
5153.27
5105.00
5203.30
5618.82
6423.13
7214.47
7678.99
7711.62
7779.38
7537.81
7429.60
7538.52
7526.73
7491.75
7510.22
7961.11
8146.28
7991.42
7553.71
7054.91
6420.25
5771.18
5328.10
5034.51
4874.86
4802.99
4788.85
4926.61
5131.96
5530.12
5959.63
6139.73
6178.76
6231.68
6040.06
5874.51
5809.79
5870.78
6292.76
7009.42
7253.01
7174.59
6742.50
6296.24
5757.76
5259.54
4860.23
4619.40
4488.98
4424.10
4455.44
4553.03
4628.41
4913.23
5308.29
5565.41
5775.02
5884.48
5623.46
5403.48
5378.51
5447.85
5935.62
6843.07
7287.56
7379.43
7011.71
6449.54
5809.96
5320.52
4975.62
4769.44
4671.71
4657.97
4803.72
5391.89
6290.73
7275.26
7655.99
7536.60
7470.43
7270.66
7135.39
7187.06
7175.16
7316.00
7579.36
8339.30
8803.52
8668.85
8150.42
7474.47
6731.74
6038.40
5571.82
5335.51
5209.45
5144.30
5292.17
5781.77
6669.57
7567.28
7901.34
7784.06
7701.94
7478.21
7333.47
7465.71
7461.70
7641.23
7890.86
8592.92
9011.19
8930.85
8454.33
7726.39
6871.97
6142.01
5697.01
5424.57
5300.52
5257.45
5382.44
5875.57
6674.56
7668.35
7953.78
7816.68
7757.57
7512.77
7363.17
7505.93
7510.67
7671.27
7863.89
8635.36
9095.41
8977.18
8496.76
7903.36
6939.19
6159.99
5714.08
5407.65
5282.27
5239.92
5363.78
5865.60
6723.23
7641.46
8118.67
8097.29
8081.61
7986.94
7959.39
8134.63
8110.42
8116.39
8316.26
8948.28
9296.01
9134.64
8633.34
7995.17
7037.11
6241.60
5763.10
5475.67
5339.44
5286.96
5409.02
5927.69
6710.59
7731.37
8040.22
7945.99
7912.36
7625.80
7441.62
7586.82
7590.10
7579.47
7736.53
8469.59
8827.61
8741.65
8246.28
7675.71
6867.73
6108.18
5637.21
5361.37
5171.39
5092.44
5099.83
5240.18
5503.12
5956.44
6377.67
6462.70
6501.91
6510.02
6295.78
6215.74
6143.92
6261.40
6795.31
7751.45
8036.24
7927.38
7486.04
7025.11
6405.66
5776.67
5313.90
4981.72
4801.80
4723.74
4734.56
4845.13
4961.91
5258.87
5683.97
5983.03
6164.82
6293.03
6015.38
5786.09
5709.72
5836.23
6374.12
7375.62
7804.58
7895.92
7503.40
6947.62
6258.90
5629.74
5231.27
4986.37
4861.32
4828.39
4988.84
5555.54
6449.44
7483.80
7903.08
7862.21
7827.90
7588.66
7427.93
7504.03
7423.99
7510.52
7728.97
8534.86
8982.33
8910.76
8466.43
7779.99
6883.81
6077.99
5642.37
5356.76
5256.34
5204.71
5341.24
5806.85
6584.71
7563.52
7969.02
7877.54
7805.35
7523.34
7391.18
7472.25
7448.24
7544.24
7772.60
8503.29
9043.11
9013.44
8593.15
7993.86
7046.29
6235.68
5746.06
5434.45
5301.02
5264.45
5375.04
5884.13
6741.83
7671.39
7932.98
7815.42
7779.51
7502.92
7342.61
7492.18
7392.08
7458.96
7689.63
8510.15
9035.35
8941.70
8535.53
7930.17
6998.84
6212.25
5732.04
5425.05
5270.01
5195.93
5317.66
5836.54
6679.86
7612.90
7888.68
7742.33
7630.63
7414.64
7253.89
7333.25
7318.53
7344.53
7480.47
8301.31
8842.01
8816.44
8345.71
7742.79
6843.57
6067.19
5594.83
5293.36
5178.91
5137.75
5243.73
5757.34
6616.31
7528.35
7821.06
7682.68
7591.70
7334.51
7121.50
7176.34
7084.76
7060.24
7172.66
7957.22
8400.47
8356.16
7960.91
7460.21
6693.41
6017.98
5530.74
5203.96
5045.16
4930.02
4932.04
5108.69
5323.37
5771.28
6088.48
6164.15
6159.66
6152.08
5870.49
5699.85
5616.93
5671.84
6083.21
6991.15
7473.05
7472.78
7070.47
6623.67
6082.81
5507.66
5070.75
4778.34
4613.80
4527.73
4526.34
4681.20
4759.42
5050.56
5390.09
5641.72
5774.91
5825.29
5511.70
5262.84
5177.89
5197.13
5649.56
6684.93
7179.33
7290.04
6967.54
6464.38
5806.39
5304.38
4945.53
4739.17
4645.60
4639.34
4794.45
5375.66
6287.48
7186.85
7446.52
7317.44
7251.18
6994.79
6835.51
6891.49
6863.32
6877.80
7118.66
7884.03
8447.81
8423.39
7992.80
7266.35
6411.17
5764.97
5333.98
5094.94
4975.38
4963.69
5066.82
5566.10
6405.88
7297.41
7529.83
7371.03
7281.60
7047.75
6899.47
6990.72
6968.93
7042.62
7251.73
8002.93
8549.16
8490.03
8065.24
7382.22
6520.09
5882.85
5474.32
5218.20
5097.57
5053.24
5207.33
5661.04
6462.02
7374.30
7887.88
7913.70
8035.06
7815.93
7670.06
7722.16
7678.55
7658.57
7736.59
8352.80
8779.29
8739.25
8271.96
7542.35
6633.92
5946.13
5529.55
5277.73
5148.34
5090.72
5164.76
5543.34
6310.77
7147.90
7393.50
7273.58
7235.05
6979.00
6823.90
6837.25
6860.52
6966.89
7121.36
7870.40
8431.87
8361.70
7954.21
7408.52
6626.29
5905.89
5485.62
5223.86
5086.52
5047.39
5152.84
5546.91
6320.65
7198.92
7438.40
7334.84
7318.22
7082.10
6944.57
7062.39
7101.36
7135.94
7268.30
7880.62
8312.88
8239.44
7866.40
7317.33
6591.32
5922.42
5471.31
5126.58
4984.42
4901.46
4884.63
4966.24
5160.05
5619.72
5980.27
6088.23
6108.97
6189.17
6023.86
5952.52
5929.42
6105.34
6445.91
7197.44
7618.97
7593.08
7161.03
6619.10
6025.40
5465.86
5035.22
4757.99
4585.51
4507.49
4526.89
4561.95
4599.01
4841.33
5344.11
5708.33
5946.63
6127.86
5895.32
5728.75
5773.16
5856.51
6150.94
6837.25
7252.72
7343.00
7038.25
6456.76
5795.61
5258.31
4909.00
4721.65
4622.61
4612.61
4756.70
5216.24
6032.47
6960.48
7332.04
7281.30
7285.21
7085.11
6926.76
7015.19
6965.39
6993.73
7061.41
7685.29
8215.50
8152.96
7693.95
7094.49
6288.15
5640.06
5248.71
5000.02
4884.14
4847.66
4972.39
5438.00
6194.82
7039.14
7312.45
7201.76
7164.93
6931.10
6795.57
6965.64
7021.49
7076.85
7173.45
7683.34
8159.75
7961.67
7495.72
6978.60
6224.26
5583.38
5214.02
4980.21
4877.58
4844.21
4958.96
5412.55
6132.47
6962.08
7181.82
7125.49
7072.34
6788.48
6690.05
6777.90
6740.81
6777.69
6828.42
7420.62
7957.69
7845.34
7413.96
6880.66
6079.45
5488.79
5124.83
4907.03
4785.29
4769.03
4887.51
5351.35
6150.11
6968.20
7114.51
6869.48
6860.39
6663.57
6503.42
6611.40
6533.01
6622.98
6693.60
7208.66
7773.17
7684.53
7309.34
6775.46
6051.28
5461.38
5115.22
4895.04
4794.30
4760.86
4868.87
5312.01
6052.73
6815.54
6968.39
6806.20
6777.45
6577.59
6468.92
6555.60
6560.17
6534.68
6654.91
7175.81
7634.66
7524.85
7065.19
6636.27
6006.21
5456.43
5071.20
4812.39
4689.33
4612.41
4610.90
4719.97
4813.26
5250.93
5687.79
5843.68
5951.45
5997.79
5796.42
5727.62
5563.02
5511.48
5691.05
6325.39
6848.59
6760.25
6302.30
5884.29
5397.86
4967.02
4597.87
4386.61
4247.91
4210.26
4229.83
4345.02
4368.37
4664.00
5069.50
5397.03
5603.57
5687.75
5418.15
5187.71
5051.24
5003.07
5253.04
5808.91
6419.72
6476.90
6173.88
5791.55
5273.05
4828.06
4540.19
4337.48
4263.97
4254.28
4361.25
4743.74
5123.30
5868.69
6274.67
6351.26
6520.78
6568.94
6468.61
6533.99
6452.40
6357.37
6414.26
6814.82
7246.32
7057.40
6609.73
6089.52
5556.45
5069.50
4735.89
4513.27
4396.49
4366.93
4411.15
4554.28
4669.95
5017.97
5362.58
5630.41
5742.37
5837.86
5650.06
5416.72
5312.07
5292.74
5513.03
6093.73
6694.31
6652.06
6302.03
5832.90
5347.36
4994.62
4687.88
4519.68
4452.03
4449.65
4579.19
5016.18
5598.11
6506.03
6949.09
7101.65
7187.96
7116.05
6971.77
6960.16
6854.77
6778.60
6781.01
7295.06
7832.96
7644.65
7216.87
6665.78
6017.21
5462.43
5090.00
4878.62
4783.80
4803.87
4947.01
5368.25
6074.42
6879.90
7024.95
6977.66
7022.64
6843.76
6769.63
6777.56
6760.27
6785.56
6892.60
7514.60
8155.49
8059.00
7588.34
7006.66
6316.92
5717.25
5340.93
5092.12
4996.61
4964.70
5081.95
5544.18
6289.25
7116.29
7318.53
7224.50
7216.38
7065.91
6914.88
7063.50
7097.14
7022.26
7058.15
7571.18
8121.17
8040.55
7625.82
7144.74
6449.47
5847.68
5408.04
5117.41
4935.99
4876.04
4849.04
4931.68
5090.61
5542.65
6011.12
6292.26
6501.19
6632.70
6525.93
6466.22
6487.94
6482.46
6649.11
7148.16
7674.07
7644.70
7139.86
6645.66
6068.99
5500.29
5029.01
4727.47
4573.42
4500.51
4543.92
4564.32
4567.00
4865.89
5231.29
5522.62
5769.66
5876.37
5551.43
5360.61
5310.24
5366.94
5644.07
6365.65
7213.91
7311.98
6935.42
6454.86
5791.97
5289.13
4926.84
4710.28
4624.06
4613.78
4757.90
5205.63
5977.50
6877.99
7239.39
7253.22
7331.15
7087.10
6935.09
7078.59
7094.81
7114.58
7204.66
7858.00
8568.99
8536.88
8073.73
7420.38
6603.41
5910.59
5473.60
5219.51
5117.40
5082.88
5169.82
5533.37
6297.45
7209.43
7444.82
7335.14
7267.75
6988.51
6806.84
6945.63
6937.76
6944.48
7063.78
7712.92
8540.82
8556.43
8140.39
7497.12
6653.55
5936.05
5524.42
5225.31
5125.69
5091.86
5192.00
5568.57
6327.23
7169.74
7403.82
7285.98
7271.18
7010.59
6830.40
6959.52
7024.44
7041.68
7193.79
7868.45
8690.00
8643.93
8223.85
7581.68
6699.32
5965.81
5462.11
5246.66
5153.34
5128.28
5251.91
5677.99
6460.43
7301.20
7496.66
7376.45
7322.33
7073.65
6926.58
6976.91
6907.53
6938.89
7103.82
7766.33
8611.70
8629.44
8209.47
7542.67
6642.29
5922.96
5493.74
5229.81
5112.28
5075.18
5209.88
5633.51
6397.23
7235.80
7466.33
7321.67
7242.33
7102.48
6952.52
7110.15
7085.02
7021.03
7097.21
7600.83
8367.04
8336.53
7899.12
7250.51
6525.09
5828.18
5374.51
5051.18
4907.50
4833.14
4846.38
4943.20
5193.40
5622.62
5956.66
6066.85
6230.37
6233.35
6056.42
5974.99
5902.43
5913.39
6174.09
6761.05
7450.94
7444.26
7017.80
6482.62
5850.38
5323.08
4863.43
4586.72
4425.71
4363.40
4380.68
4438.07
4561.69
4941.96
5435.95
5912.83
6303.02
6564.27
6376.96
6245.27
6088.29
6027.58
6166.85
6650.75
7325.47
7388.28
6999.79
6393.51
5698.92
5190.89
4808.21
4583.95
4516.48
4498.39
4644.26
5111.77
5911.47
6878.08
7367.67
7503.50
7647.88
7600.90
7616.73
7803.40
7729.83
7592.17
7510.74
7824.90
8436.06
8308.81
7816.78
7115.79
6279.61
5619.40
5227.68
4992.90
4882.88
4854.58
4956.36
5388.19
6172.45
6969.17
7226.39
7172.09
7226.87
7007.55
6968.36
7197.90
7209.82
7122.56
7095.17
7496.79
8255.43
8129.78
7614.03
7019.80
6229.81
5616.78
5225.30
4992.03
4897.54
4838.53
4957.90
5375.75
6122.63
7034.25
7428.23
7539.81
7680.62
7507.10
7398.81
7568.35
7540.84
7411.86
7347.35
7661.63
8194.74
7966.03
7437.84
6819.79
6065.39
5551.53
5225.75
4960.37
4872.87
4836.87
4939.23
5317.88
6004.02
6895.55
7268.65
7300.05
7342.20
7098.62
6922.62
6925.98
6798.62
6766.97
6730.26
7116.40
7778.22
7684.20
7191.10
6631.42
6001.07
5459.42
5109.59
4873.92
4786.57
4741.17
4862.58
5229.35
5921.15
6709.54
6992.53
6932.41
6979.60
6767.20
6608.79
6660.33
6591.89
6594.09
6534.79
6864.20
7443.83
7335.38
6897.55
6405.51
5853.75
5365.39
4994.28
4738.34
4603.94
4513.63
4521.39
4580.48
4757.24
5222.87
5634.96
5851.56
5973.58
6086.25
5923.67
5689.93
5588.44
5541.31
5634.19
5930.51
6596.74
6515.71
6053.98
5632.20
5238.37
4829.99
4528.21
4299.69
4164.99
4112.90
4135.83
4146.57
4183.91
4432.07
4787.37
5035.22
5285.52
5332.90
5065.38
4757.41
4609.47
4625.52
4816.97
5338.83
6102.78
6196.14
5875.90
5452.01
5029.51
4693.40
4451.05
4277.62
4229.56
4210.96
4371.60
4798.99
5526.36
6404.14
6665.16
6604.12
6638.32
6435.21
6372.74
6410.60
6352.66
6376.55
6311.20
6666.03
7377.88
7264.08
6805.04
6253.68
5623.25
5187.22
4892.54
4702.67
4627.75
4586.27
4722.36
5032.82
5708.23
6524.03
6677.02
6654.71
6672.70
6467.51
6320.00
6410.46
6340.75
6366.72
6341.23
6654.02
7441.11
7343.81
6918.48
6429.97
5792.46
5318.15
5002.59
4799.02
4712.24
4698.83
4789.20
5084.09
5728.33
6412.92
6503.28
6342.69
6412.36
6185.07
6063.12
6153.80
6153.34
6167.24
6193.82
6525.65
7332.13
7239.99
6812.75
6312.83
5701.75
5225.84
4892.74
4740.65
4629.76
4611.08
4713.33
4964.97
5629.08
6342.08
6547.15
6429.27
6454.48
6386.43
6380.89
6511.46
6605.41
6648.29
6702.20
6976.91
7600.72
7456.56
6952.22
6451.47
5838.26
5290.54
4946.09
4803.94
4705.36
4724.91
4810.17
5062.58
5711.05
6469.06
6702.37
6706.51
6747.21
6602.50
6479.06
6667.88
6708.96
6673.02
6522.32
6801.22
7429.71
7307.01
6854.50
6386.15
5816.53
5288.62
4929.91
4667.51
4607.28
4551.80
4552.67
4577.38
4757.42
5135.28
5448.14
5630.91
5758.88
5774.53
5548.15
5388.39
5292.65
5266.40
5416.00
5815.84
6607.04
6596.73
6153.27
5715.68
5249.02
4826.12
4512.77
4317.80
4185.22
4160.74
4174.70
4127.51
4218.28
4502.28
4811.39
5042.85
5238.51
5245.44
4919.34
4686.25
4577.32
4593.57
4860.26
5261.99
6096.77
6258.92
5954.75
5561.73
5104.51
4748.95
4495.58
4340.11
4289.89
4297.50
4420.57
4784.15
5399.44
6163.24
6328.88
6252.17
6316.48
6172.89
6077.00
6164.00
6131.76
6121.95
6172.91
6458.33
7266.15
7205.17
6757.05
6210.58
5585.63
5088.33
4797.53
4595.94
4515.28
4494.51
4611.32
4908.77
5640.68
6340.64
6460.13
6378.53
6388.18
6189.59
6054.10
6173.84
6176.72
6184.22
6210.48
6544.58
7333.24
7254.50
6825.32
6296.66
5628.20
5159.03
4826.48
4624.60
4560.25
4519.72
4642.78
4945.07
5603.06
6275.85
6447.12
6392.21
6491.29
6407.51
6357.70
6499.33
6445.04
6394.75
6417.61
6695.33
7446.66
7308.56
6858.61
6245.97
5610.27
5130.42
4851.53
4654.87
4579.22
4563.47
4648.55
4919.86
5691.71
6509.85
6768.13
6806.08
6966.37
6795.10
6705.48
6713.77
6645.03
6640.36
6643.03
6908.23
7579.88
7404.22
6943.06
6466.65
5818.64
5333.98
5024.86
4825.99
4754.13
4724.81
4815.13
5087.10
5736.31
6429.06
6602.41
6573.46
6633.15
6439.51
6246.73
6357.14
6267.71
6208.17
6198.79
6455.58
7158.71
7095.88
6675.80
6233.08
5633.00
5176.11
4861.74
4620.20
4536.98
4494.04
4506.69
4467.12
4651.17
5026.92
5255.31
5284.24
5389.37
5496.84
5417.76
5237.15
5191.50
5237.92
5347.36
5657.52
6381.88
6310.23
5876.72
5484.64
5069.68
4730.92
4422.71
4235.74
4154.85
4140.09
4223.95
4217.48
4365.23
4631.06
4920.79
5104.53
5183.31
4975.52
4615.17
4416.05
4382.62
4521.83
4718.02
5359.22
5997.30
5829.48
5491.39
5075.04
4720.26
4458.67
4275.78
4215.27
4206.55
4345.49
4869.23
5511.10
6307.14
6491.65
6341.48
6322.36
6144.49
6012.83
6050.65
5918.98
5890.64
5812.85
5955.67
6426.15
6921.15
6601.22
6165.83
5639.53
5172.73
4902.07
4702.66
4609.76
4589.51
4678.36
5071.84
5652.95
6366.61
6492.05
6365.37
6325.46
6134.70
6022.23
6136.03
6069.87
5914.40
5841.31
5958.79
6436.88
6898.14
6571.62
6105.14
5554.94
5125.10
4823.59
4663.23
4570.80
4532.21
4631.82
5044.92
5648.49
6380.07
6549.79
6419.43
6392.28
6137.23
6002.97
6133.49
6080.66
5906.74
5920.63
6105.26
6586.48
6993.03
6599.79
6124.12
5613.74
5176.51
4931.33
4735.11
4644.80
4602.30
4667.10
5077.22
5654.36
6445.95
6630.27
6500.44
6494.15
6250.37
6169.41
6197.68
6109.01
6145.37
6088.65
6220.46
6678.20
7035.35
6631.88
6152.90
5602.35
5173.30
4863.69
4706.73
4625.72
4613.63
4711.17
5054.42
5597.65
6344.21
6530.02
6465.63
6501.96
6252.81
6100.48
6104.27
6088.89
6017.24
5965.33
5989.00
6416.86
6781.56
6464.13
6020.91
5514.42
5086.42
4778.07
4507.47
4413.13
4397.56
4385.29
4435.51
4571.19
4985.37
5330.44
5521.67
5655.75
5767.01
5631.30
5491.74
5373.33
5313.04
5310.70
5430.44
5781.41
6189.45
5906.53
5491.79
5103.67
4685.64
4365.17
4189.86
4080.53
4034.14
4047.10
4061.58
4065.90
4319.80
4639.65
4808.45
4943.27
4979.52
4684.26
4462.26
4427.94
4395.21
4494.22
4721.83
5223.04
5863.99
5744.34
5406.18
4966.82
4620.28
4364.29
4210.78
4156.65
4173.97
4310.95
4703.62
5202.39
6045.23
6330.42
6287.54
6339.02
6148.56
6057.01
6196.09
6369.35
6346.81
6212.95
6257.34
6652.99
6957.36
6599.87
6127.63
5590.50
5122.96
4790.11
4642.32
4562.09
4515.08
4670.39
4965.66
5392.33
6200.66
6341.29
6228.47
6212.00
6042.14
5936.14
5999.99
5961.78
5926.78
5897.42
6060.19
6462.58
6882.66
6603.93
6179.72
5598.26
5140.66
4819.26
4626.71
4547.43
4496.69
4616.03
4966.56
5434.20
6180.52
6349.25
6296.13
6274.52
6067.12
5920.90
6036.53
5997.87
5920.16
5915.25
6049.00
6395.84
6805.58
6544.46
6049.92
5506.69
5060.16
4766.33
4586.85
4484.65
4455.74
4526.40
4868.82
5303.17
6061.89
6217.23
6130.04
6140.62
6000.14
5920.18
5958.22
5881.17
5805.81
5794.67
5847.90
6205.77
6616.45
6361.99
5881.98
5323.84
4877.34
4580.22
4347.65
4232.38
4169.82
4172.92
4243.51
4359.96
4715.59
4992.17
5007.77
5118.66
5205.92
4983.88
4829.78
4755.08
4700.17
4835.61
5062.37
5418.21
5773.96
5665.38
5258.94
4790.75
4425.70
4176.13
3982.65
3891.17
3855.40
3877.64
3944.71
4075.31
4391.28
4671.61
4783.14
4880.84
4985.00
4785.43
4658.37
4602.16
4576.35
4696.26
4963.54
5333.63
5714.34
5435.33
5030.27
4590.92
4201.35
3917.75
3698.26
3589.86
3542.62
3548.35
3583.69
3618.19
3925.39
4316.52
4644.89
4839.33
4665.56
4087.11
3751.72
3687.98
3675.87
3785.87
4047.38
4443.41
4941.80
4913.02
4683.84
4336.96
4130.53
3933.41
3713.44
3721.12
3692.51
3804.89
4080.14
4383.48
4934.78
5252.20
5310.62
5364.33
5460.52
5245.38
5140.89
5043.92
5018.69
5060.23
5249.67
5691.26
6103.20
5921.14
5485.16
5033.71
4699.27
4454.91
4270.66
4215.54
4223.95
4333.66
4746.11
5203.29
5995.97
6292.81
6252.03
6262.01
6072.10
5949.60
6033.26
5980.25
5914.07
5818.00
5916.52
6361.08
6680.93
6393.85
5990.82
5437.43
5022.09
4743.59
4578.31
4489.77
4451.82
4540.51
4856.85
5329.36
6133.27
6517.80
6595.38
6739.28
6492.16
6365.37
6351.85
6109.45
5988.25
5903.54
6010.13
6365.52
6688.95
6434.53
5966.00
5499.93
5112.64
4809.80
4619.32
4539.12
4505.28
4596.26
4941.85
5410.52
6147.53
6377.88
6389.93
6514.77
6293.36
6163.47
6113.65
6008.94
5936.56
5878.73
5974.97
6372.62
6740.74
6495.42
6083.20
5549.52
5134.47
4849.28
4674.08
4597.55
4561.58
4640.82
4963.63
5447.85
6268.83
6639.38
6664.03
6762.09
6565.81
6444.70
6492.47
6403.56
6243.91
6102.93
6115.22
6349.29
6644.36
6395.98
5952.55
5464.96
5079.14
4765.12
4549.44
4449.15
4377.00
4384.01
4398.15
4539.69
4928.83
5154.96
5215.88
5262.92
5305.19
5095.72
4988.97
4834.84
4820.24
4861.50
5057.68
5471.71
5967.81
5817.20
5408.96
5009.43
4649.55
4382.89
4202.04
4093.30
4043.42
4046.45
4039.01
4046.14
4284.20
4512.00
4702.10
4870.14
4949.54
4694.57
4477.70
4381.12
4326.17
4487.96
4748.93
5160.24
5689.97
5648.80
5326.44
4924.41
4620.53
4357.08
4217.41
4138.76
4141.37
4276.01
4644.97
5167.27
5875.19
6066.65
6047.48
6085.06
5920.07
5866.71
5999.36
5957.73
5932.64
5898.36
6019.75
6422.46
6652.98
6513.35
6063.14
5476.91
5048.97
4769.53
4621.97
4543.53
4504.57
4580.02
4881.20
5338.74
5965.87
6101.65
6070.55
6063.84
5872.05
5792.46
5927.55
5958.00
5957.36
5915.89
5999.57
6384.42
6696.42
6468.43
5949.60
5404.14
5007.79
4771.99
4615.67
4545.71
4502.42
4579.40
4858.08
5366.69
6040.38
6201.66
6116.53
6182.68
5931.77
5827.20
5939.67
5955.91
5946.59
5901.79
6030.88
6460.38
6709.15
6489.40
6055.67
5490.45
5088.61
4788.63
4627.89
4571.71
4549.63
4613.87
4881.95
5363.83
6094.11
6285.02
6065.19
6079.98
5862.61
5740.31
5780.81
5799.53
5840.04
5794.44
5916.33
6321.02
6661.08
6436.63
5994.53
5452.36
5043.68
4773.59
4595.93
4514.41
4480.44
4571.03
4837.52
5378.26
6100.69
6350.48
6430.30
6660.15
6635.25
6640.19
6839.40
6711.86
6452.96
6250.50
6148.58
6361.53
6586.98
6399.09
5867.11
5276.09
4900.14
4613.98
4398.38
4302.36
4234.37
4252.64
4268.53
4421.92
4808.16
5013.56
5161.83
5250.13
5296.11
5081.78
4910.53
4770.95
4710.35
4755.46
4944.08
5386.66
5833.20
5689.70
5229.67
4814.74
4451.71
4177.66
3994.17
3915.32
3855.54
3869.06
3876.43
3941.16
4236.99
4595.41
4888.01
5110.66
5211.93
4912.15
4695.27
4612.88
4552.58
4637.01
4806.02
5181.19
5665.72
5572.46
5157.81
4711.66
4385.89
4169.24
4012.66
3956.11
3938.23
4047.64
4302.89
4807.79
5421.63
5707.24
5704.17
5814.46
5740.82
5606.44
5596.32
5497.04
5394.28
5341.84
5460.24
5866.53
6183.60
5976.34
5506.13
4996.07
4621.32
4362.71
4168.33
4076.56
4023.00
4031.98
4078.24
4187.77
4485.25
4754.81
4947.33
5071.23
5154.47
4943.63
4732.61
4541.97
4524.09
4643.35
4920.14
5363.28
5759.95
5748.55
5301.44
4818.23
4532.87
4304.00
4167.56
4101.57
4097.92
4213.44
4535.44
5126.42
5931.77
6143.44
6056.59
6073.94
5984.83
5898.86
6057.86
6062.66
5981.57
5892.76
6077.83
6364.36
6603.08
6427.81
5912.45
5343.89
5012.52
4743.11
4589.05
4496.54
4472.26
4531.06
4795.15
5346.98
6082.00
6200.23
6172.34
6265.04
6112.16
6025.39
6106.29
6079.86
6086.04
6061.24
6075.11
6363.20
6614.00
6505.98
6075.29
5480.66
5100.94
4840.06
4647.44
4557.56
4509.44
4594.01
4826.37
5391.79
6110.23
6320.13
6261.93
6265.63
6132.10
6039.56
6073.09
6072.65
5982.77
5877.32
5922.16
6113.52
6338.24
6218.26
5820.74
5331.28
5016.59
4727.36
4494.84
4378.39
4332.66
4336.69
4316.38
4494.71
4842.03
5088.89
5242.32
5350.91
5485.39
5295.62
5065.52
4949.02
4870.78
4926.42
5039.01
5324.57
5653.40
5536.57
5175.59
4831.00
4542.71
4280.45
4112.71
4008.98
3977.60
3975.06
3934.26
3999.35
4239.89
4494.73
4703.65
4842.30
4909.23
4664.46
4378.52
4262.90
4264.80
4393.75
4572.56
4916.42
5356.21
5386.53
5017.11
4666.75
4420.82
4195.55
4017.75
3931.94
3881.56
3898.21
3892.05
4003.75
4275.90
4540.23
4622.38
4790.80
4940.15
4769.53
4501.74
4382.83
4408.56
4583.01
4810.29
5209.88
5582.69
5578.48
5199.43
4778.35
4556.28
4349.18
4187.31
4124.23
4108.97
4212.02
4500.15
5094.58
5830.68
6044.05
6043.59
6124.50
5956.37
5914.66
6055.19
6065.49
5998.80
5890.69
5988.07
6323.86
6503.38
6367.19
5936.09
5398.11
5061.29
4778.33
4632.84
4518.32
4470.47
4551.95
4801.71
5342.99
6009.74
6165.88
6129.03
6296.45
6183.96
6165.08
6421.54
6543.17
6432.83
6218.94
6147.47
6443.43
6623.17
6518.78
6049.17
5492.55
5057.02
4738.26
4567.07
4517.09
4477.08
4561.98
4800.51
5305.11
5969.33
6159.66
6170.18
6312.68
6153.35
6070.81
6147.36
6035.96
6077.00
5975.16
6064.33
6350.55
6569.91
6498.60
6070.70
5528.57
5132.22
4834.18
4576.56
4564.84
4506.54
4529.59
4770.03
5321.36
6000.04
6195.42
6151.08
6215.51
6001.67
5868.78
5972.29
5858.47
5756.94
5775.23
5872.42
6172.12
6379.68
6317.70
5940.50
5455.01
5030.66
4737.54
4539.04
4429.94
4337.94
4320.82
4235.49
4433.34
4830.71
5126.75
5205.46
5320.14
5344.99
5111.34
4934.08
4837.44
4817.75
4872.69
5040.74
5402.84
5640.14
5639.08
5288.96
4922.47
4589.46
4299.78
4075.99
4041.47
4007.15
4004.81
3865.48
3927.28
4219.93
4507.86
4724.25
4846.27
4871.19
4558.43
4351.28
4279.10
4379.79
4485.68
4767.93
5052.09
5355.51
5524.99
5235.84
4853.07
4561.04
4349.10
4194.10
4060.99
4093.88
4231.47
4474.04
5075.68
5842.41
6035.09
6016.75
6065.78
5903.36
5843.14
5981.57
6009.39
6001.76
5912.03
6015.19
6336.86
6503.67
6385.46
6025.40
5504.23
5076.72
4816.57
4610.84
4556.23
4518.72
4628.87
4828.61
5408.75
6165.82
6422.04
6372.07
6365.29
6149.99
6075.20
6157.01
6091.31
6012.54
5951.70
6036.95
6331.46
6525.10
6465.50
5956.24
5373.07
4971.41
4711.85
4543.23
4462.99
4408.60
4484.63
4716.11
5262.79
5903.39
6064.18
5978.49
6048.62
5932.08
5865.63
5981.41
5952.60
5884.56
5804.53
5973.46
6311.23
6513.47
6453.43
6025.64
5419.45
5011.36
4743.12
4574.55
4484.80
4463.44
4525.29
4719.60
5291.48
6007.29
6118.01
6009.44
6063.67
5900.17
5772.05
5866.48
5833.58
5837.20
5831.01
5891.70
6233.13
6457.69
6457.30
5998.46
5409.17
4991.96
4703.48
4542.65
4449.37
4421.43
4462.83
4695.89
5253.11
5871.63
5987.12
5964.20
6005.30
5876.95
5792.35
5910.43
5872.91
5769.11
5689.05
5772.21
6057.07
6266.53
6250.31
5843.79
5250.39
4935.62
4655.42
4467.14
4357.71
4270.35
4276.81
4230.84
4431.69
4785.67
4985.49
5032.52
5100.64
5150.44
4971.38
4853.79
4743.03
4696.33
4791.65
4972.13
5330.43
5558.78
5585.75
5262.67
4868.18
4513.65
4250.05
4084.51
3981.23
3937.16
3919.19
3838.55
3947.08
4159.22
4383.14
4640.86
4811.71
4900.50
4682.81
4487.52
4379.61
4355.66
4487.65
4713.10
5066.63
5368.15
5566.55
5230.64
4812.71
4537.46
4317.21
4189.53
4094.61
4069.92
4230.25
4525.85
5068.83
5849.04
6064.47
5986.58
6004.12
5861.69
5787.81
5917.87
5912.58
5851.16
5820.92
5948.14
6262.49
6439.19
6407.36
5991.60
5436.88
5031.08
4772.76
4602.22
4503.10
4490.19
4575.38
4765.80
5345.84
6074.16
6202.30
6134.66
6189.71
5976.86
5939.61
6003.04
5954.25
5846.66
5791.19
5910.37
6299.65
6422.21
6360.21
5934.06
5385.50
5081.44
4805.61
4641.64
4553.21
4538.81
4571.39
4771.36
5360.88
5995.64
6093.44
6065.22
6123.64
5925.16
5847.57
6029.21
5952.35
5852.72
5836.26
5960.27
6342.35
6436.50
6408.43
6009.36
5465.54
5084.11
4805.84
4688.45
4593.40
4542.25
4557.29
4773.95
5220.42
5872.04
6014.29
5979.25
6056.12
5909.33
5798.15
5769.14
5737.78
5763.35
5761.85
5827.47
6201.64
6403.60
6342.77
5952.90
5439.74
5152.72
4891.62
4703.50
4618.76
4530.79
4621.93
4844.22
5366.70
6015.38
6121.71
6056.37
6114.86
5942.21
5814.32
5973.46
5938.20
5905.48
5813.15
5933.18
6230.63
6397.07
6367.08
5984.52
5478.34
5079.78
4813.34
4579.69
4460.46
4413.40
4387.29
4280.20
4438.76
4784.99
5021.86
5099.65
5175.19
5234.64
5048.05
4924.19
4865.45
4885.52
4907.04
5071.18
5383.53
5619.50
5601.75
5287.13
4890.87
4571.38
4302.47
4139.53
4028.48
3991.66
3973.11
3878.37
3917.76
4119.08
4370.35
4582.62
4756.93
4922.09
4772.08
4583.12
4531.34
4537.37
4610.66
4801.93
5105.41
5401.35
5532.84
5223.39
4876.25
4583.77
4344.22
4201.24
4123.19
4119.53
4221.91
4520.74
5091.79
5797.23
5989.76
5955.56
6050.47
5892.93
5821.82
6080.71
6114.98
6150.78
6129.74
6221.10
6426.03
6490.33
6376.82
5943.44
5408.96
5015.57
4766.70
4534.10
4516.62
4476.78
4516.53
4740.46
5271.10
5925.33
6123.94
6071.42
6147.49
5926.79
5879.18
6057.97
6181.52
6237.96
6124.17
6170.03
6453.98
6505.43
6431.29
6077.68
5508.44
5093.18
4791.50
4553.84
4542.86
4534.80
4598.24
4701.85
5257.24
5932.26
6107.15
6051.88
6142.02
6062.49
6076.20
6275.55
6216.16
6075.73
6019.05
6031.62
6286.32
6476.22
6474.78
6068.68
5476.09
5098.22
4821.92
4630.84
4539.93
4497.83
4485.48
4720.55
5361.98
6098.59
6255.48
6279.98
6369.53
6159.80
6058.43
6158.07
6096.62
6113.98
6046.63
6048.31
6388.55
6504.10
6507.13
6079.88
5490.00
5071.45
4815.16
4636.79
4534.76
4483.28
4561.72
4755.68
5353.28
5997.61
6305.91
6317.52
6416.28
6344.81
6278.36
6378.08
6323.56
6173.97
5937.30
5956.91
6128.69
6167.10
6182.11
5769.01
5280.90
4915.47
4636.84
4445.07
4331.67
4260.38
4213.03
4152.93
4358.34
4796.18
5115.16
5265.71
5313.23
5399.29
5279.75
5259.77
5135.45
5017.30
5022.12
5070.20
5268.86
5456.93
5511.22
5166.42
4780.12
4453.69
4187.97
4025.18
3920.30
3879.70
3842.44
3776.54
3901.68
4274.19
4656.84
4991.66
5241.96
5371.42
5073.57
4830.92
4732.22
4723.41
4805.88
4952.41
5239.69
5427.92
5513.86
5140.49
4724.20
4468.91
4231.67
4109.03
4055.33
4068.21
4127.87
4401.92
5059.02
5892.72
6202.69
6286.46
6451.88
6426.89
6350.92
6463.10
6398.80
6370.19
6275.51
6263.63
6436.13
6418.39
6313.21
5924.11
5327.28
4922.47
4679.21
4507.60
4429.12
4403.48
4435.31
4659.47
5315.07
6167.99
6473.84
6505.37
6588.44
6321.52
6174.60
6258.65
6219.50
6155.59
6009.32
6098.74
6382.09
6422.79
6395.41
6055.95
5486.16
5025.24
4788.15
4634.35
4539.51
4517.15
4543.85
4733.56
5330.07
6077.01
6299.95
6386.40
6446.72
6249.67
6125.00
6187.35
6133.83
6105.36
5938.46
5966.82
6292.86
6379.03
6400.37
6070.18
5526.28
5073.50
4830.11
4651.16
4557.29
4536.94
4570.69
4719.03
5295.74
5963.58
6124.63
6071.68
6204.84
6007.87
5981.42
6235.33
6279.99
6274.43
6145.09
6130.80
6355.53
6388.54
6340.31
5955.37
5430.69
5090.39
4826.37
4660.66
4562.25
4528.11
4565.22
4725.20
5273.48
5987.14
6166.76
6135.94
6208.44
6107.72
6011.81
6092.41
6075.22
6019.74
5944.19
5937.15
6161.74
6216.14
6212.29
5853.68
5369.69
5040.23
4754.80
4574.65
4435.11
4379.81
4315.76
4203.97
4409.91
4834.03
5092.21
5220.48
5284.65
5301.53
5143.87
4951.66
4902.54
4939.21
4989.86
5097.11
5324.62
5402.85
5458.95
5194.39
4850.17
4538.85
4316.50
4145.40
4054.76
4005.76
3926.72
3804.38
4006.59
4300.53
4587.80
4837.79
4996.47
5071.26
4836.10
4568.65
4500.37
4489.39
4519.42
4761.06
5069.16
5266.25
5426.75
5203.86
4837.79
4526.59
4344.23
4230.74
4176.91
4166.32
4239.57
4463.39
5120.98
5951.85
6266.84
6194.91
6187.58
6005.99
5929.76
6070.75
6084.71
6059.58
6015.49
6098.92
6374.36
6452.98
6446.19
6070.89
5518.08
5167.64
4891.50
4727.36
4637.11
4613.86
4628.59
4747.23
5244.44
6011.32
6313.44
6397.75
6526.19
6426.59
6305.21
6493.61
6541.86
6558.88
6433.55
6457.60
6649.81
6577.98
6544.51
6180.03
5629.21
5234.72
4983.21
4820.10
4710.69
4684.51
4680.84
4794.82
5364.18
6176.70
6472.21
6525.54
6637.15
6431.05
6328.98
6523.32
6476.84
6330.85
6176.63
6128.44
6318.31
6398.27
6345.01
5957.84
5460.07
5022.14
4741.03
4577.03
4480.93
4387.80
4324.84
4123.55
4244.06
4525.96
4790.71
5005.58
5193.32
5343.54
5277.51
5065.89
4916.74
4999.16
5011.03
5183.85
5525.81
5648.99
5647.83
5366.46
4954.14
4615.78
4400.50
4292.92
4199.22
4166.91
4163.17
4194.34
4671.07
5267.12
5593.54
5715.23
5798.26
5832.15
5712.48
5685.51
5604.57
5624.65
5580.22
5658.96
5874.24
5938.11
5955.58
5615.10
5086.58
4734.43
4485.53
4288.78
4163.00
4131.39
4108.92
4030.65
4155.19
4461.99
4711.34
4861.78
5037.87
5133.03
4970.51
4819.48
4717.04
4675.97
4692.47
4911.14
5204.46
5342.17
5387.20
5185.85
4765.66
4497.51
4274.64
4110.79
4006.32
3938.75
3903.79
3738.47
3885.11
4106.35
4400.11
4635.08
4836.12
4972.88
4769.49
4549.71
4444.42
4403.90
4548.52
4807.11
5116.13
5323.93
5453.31
5262.95
4866.98
4596.73
4356.68
4213.70
4144.05
4133.85
4207.06
4402.10
4929.35
5631.16
5866.67
5922.01
6056.35
6032.21
5960.34
6185.33
6180.48
6126.01
6043.05
6141.41
6379.07
6439.18
6357.82
5884.28
5387.03
5038.34
4795.04
4622.51
4527.32
4479.24
4481.41
4575.28
5063.46
5816.99
6042.72
6120.93
6239.76
6116.47
5966.02
6121.85
6039.41
6028.72
5976.53
6053.07
6354.40
6409.14
6393.11
6056.57
5449.79
5055.67
4788.98
4606.11
4523.54
4513.56
4530.00
4671.41
5246.03
6079.62
6300.30
6278.08
6380.01
6225.79
6157.35
6279.67
6237.26
6245.52
6216.87
6231.61
6582.43
6652.36
6596.58
6249.86
5637.02
5214.53
4912.79
4732.17
4634.16
4600.86
4602.45
4726.38
5259.70
6007.69
6253.60
6311.44
6432.77
6407.01
6386.47
6606.22
6625.82
6576.30
6505.25
6540.81
6769.16
6869.91
6837.00
6434.16
5863.92
5366.96
5141.60
4950.71
4829.28
4798.99
4831.59
4942.06
5468.45
6252.78
6518.42
6590.22
6692.85
6616.14
6532.38
6662.41
6656.86
6617.72
6497.21
6517.33
6678.75
6664.52
6648.36
6290.13
5777.90
5382.87
5038.26
4813.51
4706.68
4622.34
4571.72
4431.61
4670.91
5020.51
5287.76
5404.30
5536.49
5589.85
5405.95
5273.07
5102.09
5061.10
5139.60
5346.90
5629.19
5698.83
5708.11
5470.33
5090.91
4801.34
4537.44
4377.35
4259.30
4219.55
4148.34
4008.23
4116.86
4416.18
4712.98
4964.67
5195.36
5324.81
5044.04
4822.77
4743.51
4775.43
4857.00
5028.17
5293.26
5452.40
5575.16
5394.89
5023.27
4810.44
4577.41
4447.27
4377.62
4361.07
4407.63
4621.92
5186.61
5967.01
6346.27
6419.13
6463.62
6539.60
6584.94
6722.53
6548.45
6475.66
6358.84
6311.01
6493.68
6523.57
6458.14
6116.04
5563.36
5207.70
4954.68
4784.21
4674.17
4660.09
4677.36
4783.53
5268.86
5988.43
6231.10
6310.85
6410.34
6327.66
6280.45
6306.43
6213.04
6198.25
6078.67
6180.86
6460.12
6498.25
6426.49
6116.71
5606.78
5206.13
4998.99
4823.56
4723.62
4674.14
4705.34
4811.32
5347.30
6143.86
6409.20
6407.29
6524.42
6345.68
6304.74
6450.89
6315.43
6237.25
6084.34
6108.25
6361.24
6471.92
6425.28
6062.61
5563.99
5269.79
4987.96
4769.55
4666.04
4641.89
4680.62
4796.46
5322.47
6113.95
6359.15
6309.02
6364.38
6268.57
6215.77
6344.62
6340.41
6343.92
6324.35
6385.41
6625.14
6678.64
6661.56
6343.18
5773.91
5355.07
5070.42
4863.62
4735.54
4713.69
4728.14
4848.66
5280.04
6052.59
6306.75
6370.88
6531.78
6504.35
6456.00
6608.79
6646.53
6702.15
6605.87
6642.22
6783.67
6685.84
6544.32
6194.62
5714.07
5335.42
5068.96
4843.67
4698.46
4598.46
4490.86
4404.08
4564.92
4903.42
5162.42
5343.03
5535.09
5624.42
5455.40
5356.41
5310.70
5357.03
5471.19
5670.41
5908.97
5959.91
5935.12
5724.09
5331.99
5039.63
4785.59
4569.08
4446.51
4380.90
4303.75
4174.99
4267.32
4504.27
4761.06
4910.10
5217.68
5351.08
5179.89
5027.97
4980.49
5059.81
5167.51
5466.89
5775.89
5947.36
6120.37
5908.04
5515.33
5141.01
4875.49
4698.92
4594.71
4561.39
4632.87
4754.57
5302.90
6170.33
6520.44
6607.59
6757.25
6754.51
6741.93
6892.25
6931.91
7030.06
7027.94
7013.68
7219.42
7186.88
7072.23
6678.72
6115.62
5664.89
5355.77
5132.43
5023.25
4852.15
4901.58
5066.94
5577.53
6347.41
6614.27
6677.66
6830.20
6840.54
6772.91
6964.58
6982.46
7011.00
6921.04
7064.25
7323.25
7325.98
7227.79
6805.06
6226.51
5782.37
5450.27
5207.75
5143.71
5064.83
5071.69
5175.96
5719.18
6497.37
6766.47
6852.78
7042.38
7011.52
6987.76
7150.45
7197.56
7128.54
7028.71
7011.15
7188.25
7185.76
7042.23
6658.09
6082.71
5616.57
5324.90
5128.30
4962.42
4912.97
4924.47
5033.51
5549.48
6323.49
6516.51
6562.56
6675.49
6544.93
6484.16
6643.65
6704.44
6696.49
6584.76
6658.90
6896.47
6963.87
6920.62
6487.03
5922.66
5481.75
5224.12
5036.97
4929.78
4860.85
4893.68
5001.94
5490.69
6153.13
6374.58
6415.30
6518.27
6531.49
6467.16
6596.08
6603.46
6567.88
6467.28
6471.65
6634.68
6680.71
6640.11
6276.53
5763.78
5358.90
5061.03
4845.40
4717.19
4629.48
4567.36
4436.92
4664.02
4995.43
5308.31
5454.73
5580.60
5666.88
5519.15
5417.50
5363.04
5348.22
5453.06
5702.82
5985.15
6050.33
6056.09
5825.34
5369.73
5018.53
4744.84
4535.69
4414.38
4327.06
4300.17
4146.62
4315.14
4599.30
4844.76
5074.01
5322.48
5481.91
5316.10
5141.49
5104.28
5111.53
5245.52
5532.41
5850.28
6005.02
6125.90
5951.45
5487.53
5131.10
4850.11
4651.22
4548.03
4506.47
4586.02
4763.67
5313.25
6112.42
6484.89
6481.02
6596.88
6552.43
6549.33
6718.97
6760.93
6744.73
6685.42
6650.89
6958.34
7070.38
6985.63
6624.29
6053.31
5588.57
5292.87
5063.51
4977.16
4933.63
4956.92
5060.80
5565.54
6351.66
6573.50
6555.24
6617.70
6553.58
6478.67
6617.03
6632.90
6628.37
6530.01
6646.14
6883.55
6936.86
6843.14
6522.43
5953.20
5523.96
5228.33
4986.37
4910.75
4859.51
4895.49
4991.03
5477.77
6267.94
6472.42
6501.67
6624.63
6593.76
6487.97
6698.70
6713.85
6592.51
6463.97
6520.22
6811.33
6853.52
6766.28
6437.98
5886.25
5542.90
5243.84
5078.61
4959.99
4881.76
4959.69
5057.07
5553.47
6282.16
6485.38
6445.08
6502.52
6391.18
6301.75
6446.17
6433.28
6428.86
6395.96
6478.14
6735.64
6770.04
6721.33
6392.17
5884.39
5497.34
5253.07
5045.26
4926.54
4893.77
4937.61
5059.82
5518.93
6261.85
6440.70
6395.68
6492.79
6401.88
6296.69
6395.97
6425.78
6393.42
6319.04
6388.34
6617.50
6593.03
6562.16
6242.35
5768.15
5400.55
5115.84
4909.41
4799.87
4732.70
4648.87
4508.19
4805.79
5180.56
5438.45
5570.27
5655.45
5680.39
5429.96
5227.53
5049.07
4986.41
5070.77
5292.30
5577.90
5675.64
5779.23
5593.94
5211.42
4865.42
4608.37
4426.54
4311.12
4248.46
4203.71
4063.40
4160.39
4402.40
4566.91
4792.13
4964.71
5026.50
4811.46
4682.32
4637.09
4619.82
4708.29
4996.07
5341.21
5566.22
5704.52
5535.88
5106.83
4802.52
4562.78
4419.95
4322.53
4313.54
4376.01
4567.71
5054.42
5781.36
6059.96
6128.90
6224.93
6231.93
6213.93
6332.33
6369.88
6406.51
6379.43
6459.63
6725.05
6782.75
6696.29
6352.29
5771.82
5340.34
5056.70
4882.79
4789.71
4734.19
4751.05
4859.09
5338.69
6082.33
6320.28
6308.94
6411.57
6373.32
6296.11
6459.39
6486.23
6470.35
6433.17
6524.43
6807.10
6873.59
6794.08
6444.01
5871.68
5423.59
5112.75
4925.71
4835.50
4789.94
4835.59
4949.67
5486.18
6231.28
6503.23
6591.37
6641.44
6554.56
6458.66
6603.12
6596.56
6585.71
6481.11
6548.92
6838.94
6849.83
6780.13
6446.13
5880.10
5449.69
5128.01
4943.05
4816.45
4758.98
4799.31
4894.97
5386.18
6121.99
6387.91
6409.48
6506.04
6386.96
6339.52
6583.75
6615.22
6652.69
6622.23
6625.08
6882.45
6871.69
6797.56
6458.86
5913.09
5461.68
5159.42
4967.55
4844.12
4795.32
4843.06
4948.56
5433.69
6226.26
6496.62
6509.19
6695.49
6657.29
6581.00
6737.37
6802.78
6772.99
6710.95
6657.42
6813.63
6775.42
6668.92
6309.61
5790.56
5381.45
5110.64
4889.88
4768.17
4663.78
4646.57
4492.34
4684.37
5064.43
5292.89
5371.82
5524.78
5513.02
5314.63
5097.47
5006.35
4977.23
5038.84
5274.73
5590.98
5686.48
5712.16
5489.75
5100.75
4757.58
4493.01
4301.88
4196.25
4142.45
4122.61
3957.44
4060.64
4256.76
4471.34
4636.62
4783.89
4867.98
4677.53
4464.68
4414.36
4428.36
4577.53
4875.29
5258.96
5488.88
5627.36
5457.55
5045.53
4746.44
4513.46
4366.07
4278.58
4275.54
4363.73
4525.99
5029.88
5745.41
6048.92
6131.66
6272.50
6242.58
6179.71
6330.63
6377.29
6431.93
6393.85
6455.36
6735.58
6753.21
6690.08
6310.87
5758.59
5357.21
5062.75
4891.72
4784.12
4740.95
4777.52
4856.77
5357.66
6147.18
6361.62
6296.20
6402.74
6344.20
6289.27
6431.41
6453.37
6475.28
6442.94
6523.10
6812.29
6847.25
6750.27
6374.13
5797.03
5355.35
5051.70
4859.12
4746.24
4721.96
4750.26
4880.81
5404.50
6176.75
6448.26
6424.85
6473.09
6300.64
6220.66
6426.54
6475.31
6502.72
6457.41
6517.97
6809.39
6834.56
6791.27
6398.16
5858.58
5410.55
5108.01
4922.30
4817.65
4760.46
4812.03
4908.24
5417.28
6152.78
6381.89
6384.26
6462.84
6313.95
6201.87
6344.90
6345.11
6385.78
6398.26
6490.83
6722.37
6743.49
6682.91
6331.86
5809.21
5405.85
5100.05
4928.20
4821.52
4771.26
4782.38
4904.50
5378.21
6113.16
6386.23
6440.16
6527.51
6358.63
6244.31
6344.73
6316.82
6287.74
6193.27
6259.79
6516.01
6554.13
6493.87
6118.94
5629.26
5233.70
4920.14
4723.57
4604.56
4506.49
4488.70
4341.85
4468.00
4786.00
5068.04
5097.10
5219.43
5269.21
5104.49
5032.85
4999.60
4982.64
5048.27
5296.96
5614.07
5714.08
5743.91
5472.14
5082.13
4731.58
4467.98
4288.29
4179.62
4117.12
4101.69
3946.12
4067.87
4322.56
4547.90
4716.68
4878.01
4931.43
4706.65
4551.09
4495.87
4538.59
4702.92
4993.21
5338.31
5559.86
5712.14
5497.88
5111.96
4827.35
4568.86
4435.14
4367.48
4339.33
4460.10
4630.79
5128.00
5929.30
6259.16
6302.86
6378.53
6240.79
6090.06
6245.48
6254.07
6240.54
6148.41
6212.34
6520.68
6572.82
6542.95
6168.63
5625.77
5238.56
4934.83
4764.77
4660.74
4633.61
4697.99
4798.03
5243.35
5944.01
6150.73
6109.56
6177.03
6068.61
5959.42
6098.17
6099.39
6096.14
6106.33
6247.02
6547.32
6638.94
6589.97
6189.82
5680.43
5274.65
4991.25
4814.91
4711.49
4665.31
4733.22
4879.30
5303.53
5978.72
6236.04
6258.93
6372.13
6251.10
6196.42
6405.64
6475.74
6455.33
6427.87
6494.12
6797.73
6808.14
6732.88
6316.67
5777.28
5370.09
5057.10
4872.41
4778.47
4728.46
4787.39
4914.71
5385.96
6211.81
6560.71
6664.20
6742.86
6596.43
6404.16
6439.03
6382.25
6315.70
6298.79
6372.67
6593.28
6637.24
6588.44
6222.10
5685.98
5286.31
5016.41
4822.30
4729.96
4672.93
4759.75
4873.20
5329.82
6084.43
6315.74
6291.96
6418.09
6316.16
6236.53
6377.11
6430.05
6451.64
6427.98
6516.77
6674.11
6657.87
6581.69
6204.81
5716.51
5290.32
4986.72
4786.29
4667.72
4578.99
4563.20
4445.19
4667.55
5049.24
5363.50
5541.77
5658.25
5691.77
5455.44
5333.25
5224.04
5166.08
5250.25
5462.41
5766.68
5861.04
5887.86
5577.33
5188.85
4824.14
4545.88
4364.39
4219.93
4162.83
4130.11
3988.45
4110.05
4378.79
4637.12
4824.86
4950.51
5041.51
4869.80
4728.09
4646.52
4640.79
4785.16
5074.52
5412.26
5655.66
5793.20
5562.21
5148.56
4815.57
4546.98
4359.38
4288.80
4245.18
4341.42
4495.29
4970.25
5690.83
6006.26
6026.66
6160.56
6136.95
6055.93
6165.46
6179.68
6188.29
6210.51
6286.66
6571.85
6617.74
6559.36
6194.57
5724.66
5339.07
5036.77
4867.40
4752.70
4727.94
4790.80
4909.12
5324.47
6107.38
6480.75
6477.63
6617.29
6595.92
6495.05
6665.58
6680.42
6689.81
6599.84
6590.90
6859.12
6847.35
6820.82
6358.91
5791.43
5352.93
5061.27
4841.39
4739.79
4694.69
4744.08
4915.47
5340.27
6134.28
6516.37
6629.22
6825.26
6836.07
6748.14
6836.91
6837.29
6765.32
6615.86
6608.64
6777.47
6765.10
6694.81
6258.70
5659.70
5241.57
4950.24
4738.28
4618.99
4585.14
4646.39
4745.40
5143.47
5865.52
6102.60
6064.44
6140.23
6005.38
5897.80
6071.33
6048.43
6065.25
6078.01
6201.17
6528.89
6622.42
6550.93
6153.23
5608.36
5192.03
4898.43
4679.68
4575.88
4529.86
4572.36
4690.89
5059.38
5701.12
5928.66
5942.39
6019.42
6027.25
5985.85
6114.48
6123.61
6107.94
6047.39
6148.01
6421.27
6540.65
6498.69
6101.53
5599.75
5217.94
4889.84
4650.62
4546.39
4464.66
4462.21
4393.17
4525.63
4872.04
5152.75
5332.06
5428.47
5517.63
5376.85
5306.59
5279.28
5292.07
5403.87
5682.41
5971.08
6059.70
6081.79
5762.75
5382.65
4988.84
4729.21
4515.28
4379.93
4309.17
4301.69
4141.66
4252.36
4571.26
4840.23
5059.54
5266.71
5428.34
5275.88
5133.37
5109.42
5134.27
5278.34
5602.58
5984.40
6217.57
6274.87
5965.79
5582.76
5178.20
4856.46
4683.07
4517.20
4500.98
4547.76
4706.70
5061.72
5761.10
6178.74
6273.56
6437.52
6506.11
6534.64
6689.73
6691.69
6725.43
6734.45
6793.06
7030.66
7077.39
7011.91
6474.93
5982.78
5486.48
5152.51
4927.95
4811.16
4741.45
4811.33
4989.52
5385.14
6090.19
6477.47
6581.07
6715.09
6671.59
6607.84
6710.44
6660.87
6671.61
6625.46
6685.69
6889.27
6943.23
6853.92
6381.49
5809.38
5443.41
5102.62
4863.51
4736.00
4690.11
4746.85
4953.02
5360.77
6123.15
6472.94
6434.39
6558.66
6474.75
6345.80
6396.25
6333.33
6332.97
6282.26
6388.02
6676.40
6739.82
6637.32
6205.48
5749.80
5357.10
5011.55
4784.50
4649.61
4605.27
4646.87
4825.75
5200.83
5867.63
6049.51
6052.78
6152.31
6125.75
6075.16
6173.38
6193.08
6219.44
6211.15
6320.54
6618.94
6681.67
6593.39
6165.90
5671.91
5311.79
4978.17
4693.38
4601.21
4553.53
4629.50
4792.92
5159.74
5749.72
6081.74
6205.53
6336.67
6354.10
6241.01
6367.58
6394.98
6462.93
6417.96
6498.87
6723.39
6763.73
6658.68
6232.64
5745.87
5287.13
4991.92
4738.74
4594.04
4513.50
4498.49
4440.38
4557.25
4860.31
5110.02
5267.98
5385.18
5484.12
5336.55
5250.59
5215.27
5280.96
5391.04
5601.81
5935.64
6096.02
6053.14
5701.37
5292.69
4939.22
4631.31
4411.79
4265.23
4189.84
4177.61
4130.31
4090.70
4288.24
4491.33
4688.60
4820.60
4932.19
4718.17
4570.67
4554.26
4625.11
4805.51
5054.44
5381.90
5625.78
5727.30
5407.50
5025.12
4673.23
4416.27
4245.52
4149.79
4097.35
4165.55
4275.31
4480.10
4954.95
5194.87
5251.11
5319.56
5368.65
5284.36
5299.81
5364.89
5407.83
5469.92
5672.97
5952.28
6099.85
6008.77
5606.09
5148.78
4782.39
4507.41
4308.54
4198.71
4146.34
4160.81
4149.73
4180.48
4431.75
4669.61
4845.68
4980.07
5057.84
4896.04
4799.40
4766.17
4847.54
4928.93
5163.81
5540.68
5793.08
5786.10
5439.75
5023.20
4701.24
4466.49
4284.71
4193.12
4143.20
4204.68
4338.58
4597.12
5133.53
5442.65
5533.68
5582.54
5570.56
5469.03
5503.47
5527.03
5622.05
5673.28
5823.70
6132.26
6274.69
6139.74
5745.86
5271.84
4883.30
4612.62
4424.45
4333.83
4280.53
4328.82
4481.79
4787.39
5322.49
5612.12
5603.58
5678.99
5717.54
5620.78
5668.73
5715.26
5818.96
5828.25
5970.03
6228.61
6386.07
6252.35
5824.22
5287.58
4902.18
4606.74
4411.92
4300.71
4260.95
4326.95
4493.37
4806.03
5349.91
5633.06
5591.08
5744.34
5843.57
5745.25
5763.33
5787.77
5805.79
5864.69
6031.42
6355.28
6478.56
6307.32
5819.76
5327.71
4927.59
4628.05
4436.61
4313.36
4243.27
4237.88
4277.34
4387.83
4803.99
5167.19
5375.95
5452.87
5563.22
5435.87
5333.13
5326.78
5306.19
5372.98
5582.81
5874.54
6095.45
5998.13
5632.40
5186.25
4812.73
4554.40
4349.42
4228.11
4163.26
4133.40
4119.77
4138.54
4462.89
4731.92
4935.48
5129.05
5241.73
5052.57
4934.18
4894.65
4907.17
5094.72
5344.02
5663.75
5981.63
5999.83
5600.37
5155.16
4806.62
4554.66
4363.00
4251.58
4210.08
4280.88
4467.84
4772.21
5368.74
5736.34
5867.51
6053.05
6212.16
6278.88
6385.67
6418.94
6430.40
6484.18
6622.88
6854.65
7004.94
6817.94
6324.72
5747.58
5283.64
4955.95
4740.81
4638.00
4564.45
4625.08
4806.37
5115.36
5782.36
6150.98
6311.12
6505.66
6634.57
6592.29
6662.54
6657.06
6702.15
6746.24
6872.07
7111.31
7269.27
7074.35
6540.77
6044.46
5589.57
5246.74
5013.03
4867.67
4786.64
4783.94
4969.30
5283.39
5881.39
6270.72
6394.22
6580.09
6682.48
6606.87
6716.62
6729.82
6726.89
6789.92
6832.77
7086.40
7190.83
6949.22
6478.99
5956.03
5503.25
5190.35
4972.56
4831.45
4774.34
4826.88
5015.16
5304.03
5858.01
6211.97
6306.40
6350.06
6357.61
6289.60
6360.74
6393.73
6456.60
6466.96
6590.15
6835.83
6981.27
6750.07
6287.33
5782.82
5362.57
5133.76
4938.26
4813.45
4740.23
4786.98
4908.85
5214.94
5753.92
6062.69
6150.82
6274.15
6321.09
6193.94
6246.78
6266.19
6267.54
6288.43
6393.67
6582.58
6712.19
6493.31
6077.66
5599.42
5298.33
5027.57
4829.60
4705.30
4618.82
4571.17
4542.21
4638.53
4904.84
5058.23
5155.24
5246.19
5314.03
5181.14
5016.08
4966.56
4972.45
5109.00
5346.97
5680.59
5886.64
5719.89
5393.47
5041.84
4793.13
4554.73
4381.78
4265.71
4199.56
4217.97
4143.37
4163.75
4351.21
4520.75
4672.40
4847.34
4965.04
4787.45
4544.20
4494.67
4523.40
4685.42
4976.40
5308.31
5688.43
5620.09
5297.67
4929.00
4729.22
4511.41
4400.34
4305.69
4273.53
4339.06
4557.11
4889.88
5421.77
5644.17
5670.05
5811.70
5893.02
5744.79
5857.23
5827.07
5842.77
5888.27
6076.61
6384.43
6608.33
6347.59
5906.01
5407.05
5123.56
4861.63
4705.45
4636.36
4576.59
4669.81
4778.47
5074.75
5607.13
5803.85
5794.34
5835.00
5964.19
5883.58
5959.85
5980.79
6031.18
6104.87
6274.12
6563.84
6802.27
6517.10
6066.72
5570.68
5174.19
4915.86
4745.84
4654.06
4616.76
4664.22
4775.50
5047.72
5606.60
5775.40
5786.28
5879.07
5866.25
5782.20
5931.51
5930.41
6075.84
6035.95
6212.16
6600.50
6803.97
6530.30
6078.46
5599.20
5205.54
4926.98
4726.85
4688.11
4639.60
4702.95
4860.20
5080.46
5668.81
5880.02
5891.65
5995.19
6068.67
5987.40
6068.68
6106.12
6216.48
6237.58
6367.23
6641.76
6857.15
6550.35
6128.28
5625.49
5260.39
5007.73
4737.55
4694.72
4655.01
4756.22
4952.06
5186.52
5767.08
5959.68
5927.31
6041.01
6019.41
5938.55
6025.77
6094.72
6139.80
6165.68
6259.01
6456.90
6655.40
6338.23
5920.14
5457.09
5100.81
4844.72
4664.90
4542.86
4457.61
4471.22
4522.44
4579.20
4852.47
5076.05
5210.91
5255.31
5318.70
5132.42
5038.04
5068.91
5044.91
5082.31
5264.40
5554.36
5838.54
5599.72
5317.81
4954.73
4663.31
4406.12
4229.75
4147.21
4078.36
4114.49
4101.25
4098.74
4324.44
4693.37
4996.11
5247.09
5345.19
5185.37
4960.29
4859.86
4828.74
4958.11
5165.28
5471.69
5722.38
5564.08
5268.66
4886.21
4637.47
4423.33
4320.59
4228.20
4203.62
4282.56
4653.23
5027.91
5754.51
6032.88
6170.56
6446.46
6531.13
6508.25
6679.02
6649.68
6502.06
6315.89
6299.31
6600.79
6795.94
6441.50
5983.61
5480.00
5121.04
4884.33
4731.14
4637.46
4578.94
4652.72
4947.05
5347.15
6174.55
6430.52
6369.34
6500.80
6447.61
6363.23
6498.98
6515.05
6419.74
6276.11
6323.80
6613.80
6885.02
6536.07
6059.60
5481.80
5102.32
4850.73
4690.87
4595.43
4567.11
4641.62
4928.56
5305.27
5980.04
6245.18
6348.88
6442.33
6333.91
6270.73
6406.62
6468.70
6452.75
6426.96
6461.16
6742.31
6965.17
6593.33
6187.75
5568.68
5202.86
4957.05
4772.69
4681.83
4639.87
4733.41
5023.41
5436.45
6118.64
6388.22
6339.39
6405.05
6348.03
6271.74
6391.70
6395.30
6435.79
6398.12
6497.07
6814.98
7066.88
6671.61
6232.70
5733.31
5342.16
5114.56
4934.70
4835.54
4753.70
4800.24
5124.22
5505.89
6206.52
6430.36
6493.02
6682.85
6561.11
6505.10
6653.82
6611.57
6532.47
6458.21
6478.96
6713.14
6856.20
6479.49
6072.05
5571.39
5112.79
4779.77
4591.63
4537.51
4473.82
4483.13
4555.97
4649.98
4960.69
5233.67
5384.81
5468.59
5545.02
5440.51
5246.21
5115.72
5032.48
5085.10
5316.76
5645.14
5996.11
5703.24
5334.25
4939.29
4700.27
4468.60
4294.30
4137.04
4123.70
4122.18
4162.99
4138.34
4353.30
4622.15
4918.48
5146.82
5355.06
5195.54
5011.14
4912.12
4930.05
5029.23
5193.33
5422.78
5818.99
5566.28
5253.71
4897.09
4636.88
4414.42
4329.54
4258.45
4251.63
4383.43
4776.34
5265.95
6086.52
6448.91
6528.00
6613.28
6522.53
6367.91
6392.67
6276.43
6235.27
6167.48
6227.15
6566.86
6806.61
6382.70
5955.90
5460.45
5090.11
4870.90
4753.43
4655.21
4611.04
4691.41
5014.51
5451.80
6205.58
6475.38
6451.47
6467.76
6288.30
6202.56
6303.03
6239.32
6171.03
6152.31
6264.19
6609.48
6855.65
6441.19
6020.94
5505.87
5128.37
4866.08
4761.43
4668.35
4618.12
4691.44
5017.24
5472.61
6191.65
6348.49
6338.08
6424.92
6290.10
6223.72
6359.28
6381.33
6378.70
6326.43
6403.46
6737.37
6962.63
6524.77
6096.01
5583.46
5264.23
5000.43
4820.18
4731.83
4692.58
4742.49
5105.76
5468.70
6183.41
6413.70
6472.57
6538.16
6433.40
6395.61
6537.41
6624.60
6674.27
6577.27
6612.66
6885.13
7109.26
6661.45
6213.11
5680.50
5279.19
5041.77
4829.42
4736.11
4707.76
4788.09
5058.94
5488.13
6220.84
6401.79
6400.21
6499.25
6384.70
6330.71
6445.82
6438.51
6439.48
6289.70
6383.37
6597.44
6791.39
6359.98
5995.35
5492.13
5126.95
4860.41
4673.43
4581.50
4517.84
4516.83
4574.01
4576.27
4941.34
5245.09
5445.27
5494.99
5546.93
5368.72
5159.07
5055.24
4989.05
5076.51
5354.37
5675.19
5996.08
5591.66
5262.86
4884.83
4592.78
4348.77
4166.39
4078.04
4043.06
4050.09
4053.37
4030.55
4295.87
4648.11
4911.76
5133.88
5307.34
5106.90
4836.76
4713.21
4794.95
4917.20
5191.51
5602.30
5913.68
5646.18
5283.90
4863.01
4566.29
4372.86
4246.55
4166.91
4117.12
4268.64
4671.21
5238.78
5930.47
6084.00
6053.36
6173.11
6008.37
5964.64
6138.92
6126.01
6113.80
6059.72
6189.06
6588.27
6823.28
6387.53
5936.41
5421.13
5028.42
4757.44
4535.57
4502.55
4486.84
4586.43
4910.95
5344.06
6031.54
6164.99
6058.73
6103.76
5915.95
5837.88
5992.10
6042.48
6120.22
6114.85
6211.05
6685.83
6924.78
6399.87
5959.32
5417.89
5029.51
4770.46
4532.85
4507.26
4479.90
4558.14
4914.46
5415.37
6122.75
6379.04
6374.43
6403.37
6312.01
6230.66
6351.33
6266.12
6260.01
6134.13
6341.47
6770.00
6907.05
6473.87
5922.28
5412.65
5048.65
4808.26
4658.21
4592.88
4586.27
4664.71
5051.13
5565.62
6350.12
6551.78
6527.53
6579.83
6274.26
6114.20
6170.64
6119.32
6128.96
6005.17
6219.96
6730.94
6909.57
6380.69
5885.67
5319.30
4940.54
4688.29
4535.14
4448.90
4418.79
4487.24
4905.61
5446.31
6085.96
6201.63
6209.28
6272.57
6171.63
6040.26
6112.76
6062.17
6017.67
5877.16
6039.36
6517.62
6725.50
6246.87
5795.27
5235.26
4832.36
4574.38
4389.58
4290.35
4211.05
4221.40
4305.95
4402.60
4779.98
4996.86
5032.41
5117.42
5188.90
4982.25
4835.43
4791.27
4826.99
4966.18
5287.47
5647.21
5914.40
5528.84
5116.94
4709.15
4401.91
4151.35
3997.06
3890.24
3850.51
3863.02
3935.14
3923.05
4199.68
4492.37
4688.15
4871.94
4997.67
4737.22
4570.38
4500.84
4491.34
4653.70
5032.01
5469.22
5838.20
5529.10
5150.59
4695.54
4405.13
4184.79
4064.76
3993.57
3964.16
4105.77
4565.31
5131.63
5838.88
6085.01
6014.88
6071.54
5952.57
5957.06
6120.57
6165.99
6223.26
6207.09
6362.84
6793.73
6871.93
6369.38
5826.14
5363.22
5009.91
4783.09
4605.49
4534.64
4517.74
4598.95
4959.90
5495.17
6216.71
6406.50
6268.62
6302.55
6121.89
6021.00
6172.12
6212.62
6292.51
6212.01
6371.70
6839.02
6912.66
6437.11
5948.92
5397.41
5014.26
4738.50
4609.22
4523.09
4476.62
4565.80
4983.80
5492.83
6139.96
6302.23
6228.47
6283.91
6114.26
6011.47
6144.77
6189.84
6179.88
6159.04
6317.74
6771.49
6855.85
6355.98
5896.39
5357.51
5047.81
4824.98
4665.40
4593.23
4551.35
4620.10
5044.88
5587.89
6269.93
6386.53
6203.00
6317.36
6159.86
6074.34
6191.32
6185.96
6256.06
6286.38
6389.39
6827.32
6892.96
6400.98
5947.58
5417.43
5023.36
4770.96
4621.32
4615.68
4586.11
4658.48
5014.89
5552.46
6222.12
6481.51
6418.90
6507.00
6318.06
6219.89
6452.42
6497.86
6525.44
6447.03
6507.32
6857.11
6848.52
6370.38
5939.80
5488.79
5158.81
4874.65
4688.76
4552.36
4468.67
4467.27
4582.47
4657.89
5032.52
5273.23
5361.77
5495.07
5600.51
5431.66
5364.56
5384.23
5411.86
5515.19
5734.43
6098.49
6180.10
5757.89
5406.17
5004.20
4659.18
4366.86
4174.19
4074.49
4000.86
4004.07
4083.38
4072.84
4310.76
4596.67
4889.00
5095.62
5241.61
5024.24
4873.60
4855.41
4902.20
5053.06
5330.65
5812.00
6002.05
5696.78
5326.54
4925.33
4632.77
4417.54
4285.36
4211.17
4203.87
4351.01
4716.90
5297.44
6026.11
6306.75
6332.44
6403.59
6247.19
6118.75
6284.29
6413.69
6415.65
6391.92
6507.99
6994.28
6978.54
6470.80
6017.99
5479.22
5101.44
4851.19
4694.88
4609.67
4547.09
4634.03
4998.47
5512.29
6217.50
6378.89
6347.18
6396.22
6238.79
6152.20
6334.79
6429.21
6515.40
6536.73
6655.04
7153.76
7092.87
6561.87
6098.36
5550.42
5153.74
4854.48
4696.60
4549.57
4552.95
4667.72
5020.59
5526.13
6224.51
6395.98
6356.93
6406.05
6249.00
6146.13
6306.25
6356.79
6414.35
6386.61
6485.36
6843.48
6852.10
6379.82
5947.38
5379.24
4938.79
4673.00
4504.03
4393.95
4362.91
4385.57
4436.66
4484.57
4737.13
5011.73
5176.12
5299.76
5357.61
5165.11
5034.58
4989.77
5039.38
5159.46
5471.62
5989.23
6028.40
5715.43
5315.32
4894.55
4627.53
4405.24
4244.31
4191.36
4170.59
4233.90
4553.06
4924.83
5493.95
5726.16
5758.95
5921.99
5982.12
5919.82
6043.22
6068.42
6036.06
6040.56
6188.49
6634.93
6567.45
6086.65
5627.96
5135.71
4771.89
4509.90
4323.99
4231.29
4165.84
4178.83
4313.49
4462.04
4830.64
5090.59
5178.39
5315.85
5452.16
5279.19
5220.32
5205.65
5197.09
5317.80
5536.37
6045.91
6069.56
5664.85
5268.65
4884.79
4548.81
4302.47
4139.78
4026.75
3966.32
3958.25
4063.80
4086.60
4319.13
4604.31
4849.32
5047.02
5186.44
4991.16
4847.71
4846.54
4908.13
5093.63
5394.65
5906.28
5959.16
5677.25
5264.05
4828.96
4572.77
4356.08
4215.30
4140.37
4137.32
4250.91
4728.41
5305.35
6049.83
6303.60
6353.85
6459.69
6425.83
6404.79
6610.43
6690.21
6718.23
6604.06
6610.40
7108.25
6947.96
6452.76
5958.23
5406.41
4982.37
4751.23
4579.00
4490.60
4463.49
4559.44
4958.17
5550.89
6293.29
6502.57
6486.43
6574.91
6462.29
6379.53
6616.25
6681.09
6741.89
6613.32
6666.99
7168.90
7023.89
6527.29
5998.88
5466.44
5072.87
4830.25
4668.54
4596.69
4537.76
4625.46
5024.34
5597.78
6262.90
6436.84
6384.04
6456.37
6275.74
6226.91
6475.43
6644.52
6685.27
6561.41
6634.45
7157.91
6987.72
6526.20
6078.62
5554.16
5158.02
4897.74
4696.29
4611.14
4576.88
4653.46
5035.60
5611.99
6321.08
6545.38
6467.87
6510.79
6334.54
6227.99
6416.05
6522.93
6673.99
6571.61
6661.21
7218.27
7062.81
6558.85
6095.90
5584.93
5206.98
4904.15
4769.42
4677.51
4646.16
4747.07
5149.23
5776.00
6516.18
6780.07
6883.15
6976.16
6792.73
6656.75
6842.48
6772.78
6603.08
6462.01
6489.66
6935.54
6729.82
6235.14
5823.49
5374.03
5055.83
4764.39
4566.29
4438.23
4384.84
4376.67
4501.97
4656.95
4991.71
5275.91
5341.65
5458.73
5509.35
5319.46
5145.15
5038.29
5047.19
5144.02
5530.15
6030.02
5896.51
5542.91
5171.82
4820.30
4548.48
4309.14
4145.11
4049.18
3994.18
4002.63
4106.89
4129.27
4352.16
4740.70
5136.48
5507.05
5722.07
5442.38
5076.73
4882.46
4868.57
4979.57
5286.51
5844.29
5862.11
5489.21
5126.27
4731.40
4529.04
4357.88
4197.77
4131.78
4143.50
4280.41
4845.45
5495.38
6299.58
6658.18
6711.51
6825.81
6695.02
6635.99
6690.75
6589.17
6559.95
6496.64
6625.36
7173.10
6946.93
6412.93
5894.13
5377.31
5075.01
4882.01
4710.99
4626.28
4572.19
4659.59
5134.62
5744.27
6501.04
6865.51
6969.20
7127.42
6969.57
6789.94
6811.82
6763.64
6683.16
6534.16
6657.71
7188.21
6981.05
6438.19
5943.96
5409.08
5084.82
4813.88
4647.43
4551.43
4528.41
4588.36
4970.92
5647.06
6429.90
6679.18
6640.66
6630.59
6348.77
6303.71
6565.13
6544.76
6534.74
6582.90
6762.37
7199.82
7049.60
6521.05
6029.30
5498.19
5108.58
4866.61
4700.41
4635.26
4600.30
4697.67
5060.36
5663.25
6443.20
6825.13
6934.11
7053.91
6947.10
6743.56
6646.00
6413.74
6470.98
6441.04
6615.72
7192.82
7032.98
6488.25
6001.35
5384.45
4978.48
4693.45
4563.41
4521.27
4487.88
4592.21
4927.46
5530.05
6251.05
6548.25
6500.87
6437.63
6241.21
6106.24
6212.25
6173.67
6266.32
6202.66
6374.04
6934.99
6784.44
6304.31
5867.32
5334.48
4881.86
4626.29
4445.35
4349.78
4282.65
4278.86
4372.55
4526.56
4867.40
5170.34
5282.04
5371.06
5491.73
5372.70
5313.70
5172.26
5153.38
5283.39
5658.75
6120.49
5944.43
5555.49
5212.30
4805.97
4469.98
4207.90
4055.88
3942.51
3830.16
3746.59
3851.86
3936.27
4145.77
4545.46
4958.46
5306.04
5503.44
5326.60
5040.23
4865.29
4761.43
4873.74
5256.76
5833.63
5805.66
5489.69
5072.93
4606.18
4331.40
4105.02
3989.49
3927.26
3926.93
4051.91
4576.88
5305.83
6099.44
6523.38
6541.78
6628.48
6415.13
6182.71
6170.60
6094.43
6071.73
6071.69
6378.02
7116.28
6938.21
6563.02
5942.05
5422.03
5009.38
4720.95
4537.98
4444.23
4447.76
4545.61
4998.43
5696.53
6423.60
6750.80
6920.08
7068.02
6940.68
6913.13
7083.60
6994.28
6953.93
6855.06
6974.19
7550.01
7342.14
6841.85
6236.82
5556.58
5089.31
4807.64
4614.39
4520.64
4491.22
4593.74
4996.62
5731.73
6458.88
6747.75
6850.59
6994.72
6860.50
6757.31
6942.51
7004.47
6980.61
6904.24
7146.81
7583.04
7324.91
6878.40
6263.77
5608.16
5172.54
4879.24
4656.47
4594.96
4562.94
4653.56
5055.42
5799.25
6611.21
6952.10
7091.30
7261.93
7185.09
6934.26
6810.45
6704.89
6649.73
6618.47
6776.14
7441.48
7198.55
6702.26
6139.35
5585.80
5150.15
4870.94
4683.92
4577.50
4503.74
4660.28
5058.82
5759.70
6493.15
6673.98
6671.13
6788.88
6546.34
6440.56
6619.21
6560.79
6576.98
6545.70
6770.07
7146.32
7015.37
6644.48
6081.97
5567.48
5172.99
4862.01
4648.53
4531.56
4387.76
4405.32
4535.83
4762.97
5109.81
5493.57
5670.26
5769.69
5858.30
5729.75
5617.28
5545.70
5568.57
5720.70
6042.81
6500.88
6314.98
5882.82
5500.80
5099.12
4749.09
4451.03
4273.53
4144.79
4079.33
4046.30
4063.43
4143.03
4272.65
4634.69
5094.08
5410.98
5649.12
5774.88
5476.07
5298.21
5315.60
5420.71
5707.72
6180.95
6278.10
6105.23
5772.37
5370.22
4937.36
4639.50
4387.41
4263.33
4193.71
4181.05
4331.02
4740.85
5434.50
6119.87
6305.48
6367.65
6466.58
6293.82
6235.52
6435.03
6529.95
6675.67
6845.18
7188.00
7338.25
7074.60
6628.08
6138.78
5528.88
5088.90
4804.66
4560.40
4439.45
4491.16
4685.56
5041.47
5689.65
6498.73
6700.26
6679.94
6769.08
6543.34
6277.20
6453.60
6508.71
6647.93
6777.86
7107.85
7176.16
6938.04
6567.17
6056.32
5559.90
5124.85
4900.58
4695.27
4536.40
4467.90
4452.86
4458.77
4502.12
4752.15
5022.47
5292.74
5500.39
5723.52
5578.33
5459.28
5411.83
5458.80
5793.97
6288.43
6377.08
6257.54
5875.44
5451.88
5023.01
4789.73
4536.64
4394.08
4326.64
4333.15
4472.82
4917.40
5600.65
6396.93
6699.93
6726.53
6807.41
6695.63
6646.06
6771.02
6696.37
6787.74
6933.21
7362.64
7547.91
7281.04
6776.00
6234.71
5620.73
5214.58
4940.41
4758.71
4662.27
4646.59
4750.89
5097.16
5678.26
6441.76
6639.37
6580.69
6685.17
6579.04
6613.60
6793.50
6900.63
6993.68
7071.04
7341.69
7426.26
7161.47
6737.32
6207.83
5645.15
5239.88
4917.40
4712.72
4605.90
4535.82
4552.48
4640.76
4761.73
5219.10
5575.74
5821.11
5951.33
6003.72
5791.59
5610.03
5551.22
5694.10
6018.44
6490.46
6562.00
6361.60
5919.52
5513.63
5046.53
4705.84
4395.77
4211.05
4106.58
4061.60
4075.68
4100.31
4111.01
4432.03
4698.74
4995.48
5258.61
5474.39
5290.99
5112.23
5103.52
5370.09
5756.31
6307.83
6478.50
6323.54
5977.32
5551.06
5051.92
4733.11
4465.86
4322.24
4237.50
4248.83
4394.75
4852.35
5523.90
6212.67
6450.47
6443.18
6588.46
6439.68
6311.68
6499.94
6594.55
6865.25
7109.33
7515.87
7721.16
7582.49
7157.81
6519.33
5811.60
5302.15
5019.02
4850.55
4755.84
4723.70
4820.35
5222.47
5883.85
6580.96
6754.14
6656.23
6670.46
6568.75
6549.36
6747.24
6753.54
6965.59
7213.59
7648.00
7882.00
7692.25
7234.84
6684.96
5966.08
5438.03
5074.96
4900.98
4801.13
4783.42
4904.70
5270.22
5932.01
6769.65
7088.08
7161.56
7324.28
7236.14
7195.15
7385.56
7397.74
7479.61
7649.40
7906.85
8101.97
7932.74
7385.86
6739.27
6010.15
5464.13
5098.23
4891.61
4781.72
4733.82
4827.74
5284.86
5944.78
6635.01
6788.28
6689.88
6794.85
6676.02
6656.46
6869.95
6952.12
7026.48
7224.68
7628.85
7829.07
7633.87
7211.30
6602.38
5837.42
5284.39
4948.78
4738.23
4641.24
4620.09
4734.72
5160.08
5839.78
6609.64
6908.08
6900.98
7059.59
7039.69
7052.38
7328.56
7250.11
7277.93
7438.24
7667.94
7759.85
7535.35
7068.69
6432.96
5841.31
5312.77
4934.19
4702.16
4550.68
4483.29
4492.93
4600.01
4734.97
5243.22
5717.13
5877.80
6012.21
6112.92
5979.48
5904.64
5849.86
5883.77
6263.08
6719.37
6746.13
6476.81
6123.94
5680.07
5249.02
4809.74
4494.13
4264.49
4139.71
4087.45
4102.04
4184.86
4222.47
4579.15
4961.69
5258.15
5490.07
5736.16
5559.85
5410.78
5345.86
5464.06
5901.79
6389.82
6492.89
6403.79
6017.19
5543.22
5077.72
4748.04
4499.90
4311.23
4238.52
4238.41
4381.95
4884.95
5571.48
6373.29
6626.23
6645.27
6744.43
6671.12
6604.78
6728.36
6781.84
6993.34
7114.50
7339.26
7549.11
7403.15
6940.37
6337.25
5699.08
5196.03
4879.63
4693.50
4619.08
4605.25
4714.55
5134.96
5776.09
6585.09
6860.08
6790.87
6906.92
6685.52
6608.21
6794.11
6827.07
6975.91
7150.39
7453.48
7578.88
7279.71
6876.29
6381.34
5703.29
5252.15
4945.08
4755.83
4671.25
4669.10
4765.08
5185.86
5812.26
6530.30
6814.72
6781.72
6855.54
6725.25
6679.44
6792.72
6844.17
6913.88
7139.68
7464.88
7591.75
7300.24
6822.76
6367.82
5728.33
5250.69
4962.96
4795.55
4710.38
4673.07
4761.56
5190.91
5807.44
6569.40
6808.15
6804.79
6929.41
6805.99
6737.05
6879.76
6844.66
6918.26
7092.63
7345.17
7462.53
7241.29
6770.97
6215.05
5627.76
5209.85
4936.25
4765.41
4659.69
4604.12
4745.10
5165.11
5748.74
6515.88
6747.23
6686.84
6706.66
6517.90
6435.65
6617.04
6602.67
6689.31
6873.07
7105.24
7159.23
6934.53
6557.28
6080.73
5539.63
5144.96
4809.35
4620.92
4483.61
4418.62
4432.07
4543.94
4690.56
5123.71
5480.62
5656.52
5830.71
5901.75
5725.21
5580.53
5481.70
5516.29
5954.75
6391.50
6413.75
6163.90
5785.89
5395.55
5013.59
4700.48
4420.36
4228.73
4135.40
4093.93
4106.48
4218.67
4214.19
4432.91
4854.79
5107.59
5294.37
5428.27
5206.32
4985.57
4913.05
5046.08
5648.76
6121.40
6217.13
6131.00
5785.47
5412.57
4995.84
4723.02
4478.54
4307.29
4222.75
4248.48
4387.11
4934.38
5616.06
6391.21
6676.31
6653.13
6685.30
6522.14
6496.94
6671.62
6673.77
6772.84
7106.60
7401.14
7545.22
7380.86
6869.51
6275.18
5694.72
5272.44
4967.58
4742.93
4677.85
4660.95
4762.64
5235.61
5910.06
6603.53
6705.22
6525.63
6548.26
6375.10
6296.19
6554.57
6658.52
6893.74
7328.36
7705.62
7841.85
7608.25
7185.44
6571.69
5888.69
5401.50
5076.27
4867.02
4798.75
4769.92
4853.85
5333.26
5965.19
6651.16
6760.37
6586.56
6575.33
6371.62
6305.88
6551.65
6715.84
6953.85
7355.77
7693.22
7922.95
7822.56
7340.60
6707.57
6019.30
5512.13
5142.74
4915.92
4799.24
4797.85
4934.65
5407.70
6043.56
6719.45
6809.83
6641.20
6625.92
6421.45
6337.34
6516.10
6663.11
6956.73
7411.23
7779.09
7992.91
7837.64
7351.57
6742.96
6136.07
5520.41
5160.64
4975.78
4870.35
4787.67
4970.78
5471.49
6089.21
6825.97
6936.54
6758.64
6719.38
6502.49
6377.59
6647.73
6738.12
7019.35
7403.94
7712.13
7848.44
7674.45
7261.80
6734.52
6077.02
5539.99
5156.42
4872.07
4701.26
4567.76
4594.62
4754.25
5047.47
5411.63
5666.98
5696.27
5759.03
5846.94
5699.98
5650.65
5623.91
5859.41
6514.21
6998.57
7077.10
6880.48
6463.93
6073.35
5551.94
5067.15
4730.93
4491.43
4362.85
4328.92
4355.12
4446.27
4486.91
4786.93
5226.32
5556.56
5795.46
6001.88
5753.37
5583.35
5628.35
5822.95
6350.42
6814.96
7056.88
6990.30
6604.29
6133.46
5519.12
5078.92
4705.30
4527.15
4432.16
4431.99
4609.99
5128.27
5904.06
6745.86
7108.33
7154.36
7346.97
7318.92
7269.84
7444.78
7416.97
7517.70
7740.26
8044.71
8230.11
8108.99
7599.90
6882.12
6066.56
5470.26
5071.73
4857.65
4774.55
4713.83
4831.85
5300.31
6023.79
6943.21
7288.86
7290.48
7377.87
7201.87
7168.97
7425.22
7398.79
7493.10
7738.23
8002.90
8193.46
8009.38
7495.01
6834.84
6042.48
5457.05
5081.08
4863.60
4773.86
4736.41
4854.56
5330.65
6071.64
6969.94
7279.15
7268.77
7369.94
7265.42
7202.46
7356.85
7386.14
7523.24
7783.56
7930.98
8044.82
7798.91
7366.95
6694.66
6002.32
5412.92
5049.32
4854.56
4754.90
4737.04
4842.06
5300.41
5978.29
6849.10
7324.02
7521.33
7719.83
7555.29
7438.98
7568.12
7570.62
7500.76
7544.64
7703.12
7799.69
7624.35
7182.49
6618.01
5942.44
5357.44
5050.69
4827.73
4705.04
4646.25
4641.74
4792.52
4974.81
5377.11
5718.65
5883.62
6028.95
6160.78
6068.03
5942.57
5941.07
6050.15
6614.98
7061.77
7188.35
7013.59
6676.84
6260.93
5701.97
5247.47
4876.71
4617.00
4490.82
4434.32
4428.66
4638.41
4869.70
5281.52
5652.92
5749.48
5787.38
5901.02
5799.09
5710.86
5686.95
5842.76
6517.53
6965.46
7158.17
7070.12
6637.47
6182.75
5708.53
5272.78
4868.03
4599.96
4454.44
4405.99
4396.22
4540.04
4646.99
4921.15
5367.68
5824.08
6182.99
6421.85
6329.57
6218.78
6153.18
6282.50
6806.82
7245.88
7412.90
7342.19
6980.61
6443.27
5826.29
5324.40
4920.11
4707.36
4582.36
4572.43
4717.40
5290.66
6097.58
6993.30
7374.54
7316.66
7294.70
7190.56
7140.17
7282.27
7370.38
7565.14
7844.93
8157.62
8413.27
8314.32
7861.64
7150.55
6347.35
5691.14
5317.99
5090.37
4965.90
4934.37
5046.46
5548.97
6383.77
7317.04
7834.71
7999.46
8177.82
8080.08
8091.62
8184.10
8106.33
8139.95
8378.03
8662.90
8927.86
8772.77
8259.98
7540.27
6638.42
5990.58
5544.48
5271.55
5156.57
5118.90
5232.43
5712.00
6579.19
7464.23
7767.46
7959.02
8071.67
7915.42
7726.36
7807.64
7780.05
8015.07
8389.63
8635.93
8886.32
8732.25
8251.10
7524.92
6681.07
5971.52
5586.71
5350.83
5218.82
5191.26
5288.15
5780.76
6608.55
7541.20
8042.43
8113.65
8254.01
8140.76
8107.83
8266.16
8193.92
8250.10
8334.44
8466.06
8564.61
8349.51
7914.55
7298.67
6575.91
5916.48
5379.53
5102.28
4970.37
4863.97
4866.11
4941.36
5034.29
5305.54
5697.38
5843.35
6000.94
6188.73
6082.61
6032.82
6035.41
6243.79
6833.09
7157.68
7343.95
7234.12
6863.04
6443.95
5882.21
5385.09
5001.73
4729.54
4573.89
4516.95
4567.56
4702.00
4860.18
5337.01
5735.59
6034.90
6218.39
6366.69
6244.34
6156.28
6116.99
6263.77
6768.23
7105.09
7256.78
7092.63
6632.26
6204.16
5674.19
5196.29
4805.41
4534.72
4335.15
4310.62
4342.11
4437.12
4463.26
4733.13
5139.65
5582.44
5923.57
6139.91
5967.45
5772.37
5686.82
5869.31
6418.18
6755.57
6930.82
6858.39
6493.30
5992.27
5426.82
5002.46
4650.97
4493.00
4431.60
4428.07
4572.19
5111.92
5900.49
6692.65
6962.81
6898.13
6977.97
6864.52
6845.90
7122.07
7201.01
7416.09
7664.34
7892.94
8101.00
7948.78
7484.38
6878.41
6183.97
5584.01
5220.99
4986.86
4857.16
4842.36
4983.25
5373.07
6172.58
6949.99
7341.19
7341.81
7431.59
7326.81
7248.89
7435.07
7466.61
7558.09
7738.89
7980.36
8236.77
8030.46
7527.72
6961.06
6193.67
5592.28
5235.86
4998.73
4878.93
4862.89
4970.70
5430.57
6231.41
7091.43
7289.90
7178.31
7150.88
6897.48
6843.58
7085.06
7165.17
7377.27
7767.11
8025.25
8249.60
8166.55
7739.32
7056.64
6323.96
5682.48
5277.19
5032.10
4902.18
4860.79
4989.54
5482.90
6342.54
7207.86
7415.93
7249.78
7207.36
6886.24
6804.43
6968.55
7036.21
7273.81
7796.51
8169.75
8387.43
8286.01
7823.63
7262.41
6444.51
5771.50
5317.46
5085.09
4963.49
4937.87
5075.14
5608.63
6440.88
7215.88
7385.87
7213.73
7130.71
6917.73
6766.18
7012.40
7094.58
7342.77
7753.41
8078.12
8217.24
7992.38
7613.73
7013.26
6314.76
5739.38
5319.75
5019.24
4845.00
4743.21
4757.69
4900.96
5170.05
5650.45
5948.24
5933.17
5955.50
5996.09
5856.12
5774.15
5815.73
6007.03
6659.93
7272.93
7426.68
7318.40
6922.38
6491.77
5893.35
5376.79
4933.83
4619.36
4517.22
4437.92
4463.04
4601.01
4736.76
5091.41
5502.24
5746.18
5890.62
5972.28
5750.04
5618.81
5633.05
5879.58
6583.05
7237.94
7596.94
7597.79
7257.68
6746.44
6061.01
5506.66
4968.33
4780.23
4677.44
4666.15
4811.76
5372.84
6234.48
7206.46
7623.87
7581.78
7553.69
7416.43
7315.42
7524.89
7621.85
7870.87
8381.16
8774.78
9034.51
8915.77
8510.92
7803.03
6980.50
6218.82
5714.73
5413.70
5290.78
5255.28
5372.33
5893.57
6669.85
7649.70
8012.54
7910.11
7847.57
7598.60
7464.06
7623.37
7738.77
8045.97
8542.28
8967.54
9188.90
9076.32
8560.38
7899.38
7008.80
6221.70
5708.07
5386.76
5241.34
5174.29
5298.81
5743.42
6547.14
7436.37
7800.29
7606.97
7542.31
7366.13
7237.96
7363.67
7440.71
7716.37
8118.79
8513.24
8816.63
8705.86
8235.53
7561.43
6770.36
6109.55
5614.72
5314.45
5180.15
5104.84
5220.94
5660.12
6448.65
7320.71
7664.96
7496.08
7452.59
7248.83
7045.93
7165.94
7163.50
7375.38
7879.34
8309.28
8553.13
8450.58
8009.41
7417.40
6717.33
6069.21
5579.38
5247.68
5087.33
5015.03
5117.30
5543.36
6248.00
7036.18
7268.04
7182.64
7107.38
6914.64
6701.20
6818.13
6790.73
6902.66
7440.11
7865.52
8097.29
7989.58
7576.40
7089.96
6426.97
5852.88
5355.80
5021.01
4832.10
4726.06
4740.59
4863.78
5084.17
5535.99
5870.71
5919.95
5909.27
6035.23
5924.38
5869.96
5903.82
6136.52
6881.15
7510.53
7663.15
7656.94
7305.35
6864.07
6280.38
5610.81
5114.30
4765.93
4576.11
4420.19
4406.76
4457.00
4642.39
5012.38
5479.11
5686.43
5840.80
5976.36
5876.35
5875.74
5981.38
6233.55
6844.04
7276.22
7181.81
6455.65
5899.12
5736.87
5553.37
5281.57
5060.13
4717.54
4384.27
4201.31
4130.19
4152.24
4174.08
4307.76
4786.87
5368.99
5879.62
5946.86
5433.50
5008.22
5078.51
5279.10
5851.09
6284.00
6451.11
6484.07
6339.77
6107.42
5610.30
5186.41
4730.00
4448.18
4298.12
4265.62
4322.71
4613.44
4992.04
5540.33
6120.78
6365.02
6482.60
6646.70
6516.62
6532.23
6634.82
6882.11
7397.07
7909.03
8162.11
8030.63
7617.74
7029.45
6292.63
5621.67
5129.41
4822.57
4651.17
4577.36
4698.07
5039.35
5576.36
6272.08
6879.79
7064.35
7263.53
7388.82
7382.54
7505.78
7531.80
7718.09
8150.56
8450.71
8576.13
8375.85
7906.67
7260.68
6477.87
5758.86
5265.31
4925.53
4776.06
4695.75
4757.44
5130.36
5568.04
6281.59
6916.47
7111.54
7248.19
7404.92
7289.83
7321.09
7329.16
7522.30
7861.78
8164.13
8361.68
8183.04
7711.72
7126.69
6350.74
5681.52
5182.71
4817.21
4624.64
4606.57
4718.85
5038.45
5514.85
6196.28
6811.66
7056.91
7235.57
7347.33
7255.18
7263.99
7208.58
7223.11
7565.84
7921.13
8023.09
7851.19
7467.75
6962.33
6273.59
5574.71
5075.67
4718.61
4523.50
4447.25
4458.37
4613.29
4860.60
5271.55
5761.54
6024.66
6205.16
6468.08
6471.51
6439.77
6409.24
6497.92
6996.30
7513.05
7677.73
7468.46
7117.52
6649.50
6010.29
5419.32
4955.36
4608.74
4435.84
4301.43
4307.45
4410.57
4555.90
4883.82
5349.62
5738.65
5921.81
6200.39
6082.13
6055.38
6078.02
6241.97
6876.69
7430.40
7355.71
6661.64
6075.73
5747.64
