0
0
0
0
5,47947227841310
0
7,17713182930726
9,25767418326166
5,85280516607446
0
0
4,29670021887422
0
0
0
0
0
0
0
0
7,09948784627525
0
0
0
0
0
0
0
0
5,59349869137767
8,43518984386745
0
6,04532313395230
1,99550934475618
3,57164727220734
0
0
15,2380268788074
0
0
0
0
0
0
8,66195222275361
0
0
4,35351216786387
0
1,73659825553650
16,1828449583494
0
8,30240619929159
0
0
3,49423573980341
0
0
0
0
3,76443168775018
0
5,84838929596421
0
0
0
0
1,38007356792678
0
0
3,74504534821883
0
0
0
0
0
6,11131902540754
4,72891280735733
8,30253024382298
0
0
4,79285574133419
0
0
0
0
0
7,07291100654604
0
0
0
3,07557417483173
4,78866837276638
0
0
0
0
0
0
0
0
2,70636986884229
0
0
0
0
0
0
0
0
0
0
0
0
0
0
0
0
0
0
0
0
0
0
5,10079792216117
0
0
0
0
2,86609737233215
8,23494382131479
0
0
0
0
0
0
3,20284541495364
3,20591747454630
0
7,25671724707325
0
7,82182813511431
0
3,50348961573135
0
0
0
0
0
0
0
0
0
0
0
10,6000969615542
10,3699825967742
0
0
5,90298790852692
0
0
0
0
0
0
0
8,52530770489161
0
0
6,05247396256202
0
0
0
0
8,46119512518770
6,68355602019745
0
6,42693712972326
0
0
0
0
0
0
0
0
0
0
0
0
0
0
0
5,06675802379491
0
0
0
0
0
0
0
7,51109535764505
0
0
9,87164677810561
0
7,38211545472305
5,74545787290198
0
0
0
3,92355962269753
0
0
0
0
0
0
3,27576210305635
0
0
0
0
9,31813891724011
1,98175894011419
0
0
1,44920597817895
0
0
0
0
8,06617357778135
0
0
5,03768366035354
4,60676206442080
0
0
6,48672608050504
0
0
0
0
0
0
0
0
0
1,38552706290419
0
4,94208243632660
0
0
7,26339759412476
0
0
0
0
0
0
10,4197303540498
0
0
0
1,13383466689238
3,02360958868935
0
0
0
14,2630811026951
0
0
0
0
0
5,15886535958708
0
0
0
0
0
0
0
0
0
0
0
0
0
1,32340675686960
0
0
0
0
0
0
7,15946865011147
0
0
0
0
0
0
3,98754022893521
0
0
0
0
0
0
0
8,04147872792465
0
0
0
0
0
0
0
6,58634633193821
0
3,35930040076178
3,62917433023613
0
3,50393065942131
0
5,40801265999774
0
0
0
0
0
0
0
0
5,13753461583994
0
0
3,65521443718050
0
0
0
0
2,53805539318550
6,48183448843266
7,53728416442163
0
0,799351145627296
0
0
0
0
1,52683365720880
0
0
0
6,43532399550357
0
0
10,3029620495741
0
0
0
0
0
6,78813239710531
0
0
0
0
0
0
0
0
0
0
0
0
0
0
0
0
2,52759953540447
0
0
0
0
0
0
0
0
0
0
1,84560258871378
7,05188891883817
0
7,12318608633243
0
0
0
0
0
0
0
0
0
0
0
7,93794352798778
0
0
0
0
0
0
3,79063126867325
0
8,83593880789911
0
0
0
0
0
0
10,0150580219948
0
3,26339526621851
0
0
0
0
0
0
0
0
12,0678219420855
5,81346109962521
0
0
0
0
0
0
0
0
0
5,65711600967080
0
0
5,44134682734328
0
2,15405400318314
0
0
0
0
0
0
0
0
0
0
0
0
3,78705267050229
7,04151181349654
0
0
7,53616087907436
0,889098923825469
0
0
0
0
0
7,24408234950419
0
0
0
4,19793134392599
0
13,1566480669606
0
0
0
0
6,01668983683442
0
0
0
9,43512675543362
0
0
6,13241229129743
0
0
3,69679795663924
0
0
0
0
10,5486233879552
0
0
1,10253054045552
0
0,720197637924225
0
0
0
3,43639805507859
0
5,65799152807781
0
6,73216046863714
0
0
0
0
7,02639234177434
0
0
0
8,59303187986766
3,13522890457902
0
0
9,53800507004550
0
0
0
0
0
0
0
0
0
0
0
0
0
7,55614297827051
0
0
6,34793551195712
0
0
0
0
5,69324901428048
7,61666953237115
0
0
0
6,44574024370616
0
0
0
0
0
0
0
5,02495483699949
5,80272889249934
0
0
0
0
0
0
0
0
0
7,01409174600893
0
5,83401063908652
0
5,57257682627796
0
0
8,38990320404467
0
0
0
0
0
7,31307356788346
0
0
0
3,01038420533516
0
0
3,58440091818739
0
0
0
0
0
0
0
0
5,49645448058160
0
5,31268370630302
0
0
0
0
0
0
4,63962228195503
0
0
7,03790805216395
0
0
0
0
0
0
0
0
9,92503802294250
0
0
0
0
0
4,34330549113605
9,63749377748249
0
4,59824038155780
5,97083626957142
0
0
0
6,14789065697662
0
0
3,02624050544755
0
8,81471934990526
0
0
0
0
0
5,19798758226366
0
0
0
0
3,10167526570093
3,80538419778484
0
1,59294726901775
0
0
3,42568839315455
11,3537079980413
0
0
0
0
0
0
0
0
9,45831883905090
0
0
0
5,08446984790159
0
0
0
0
3,68640843456699
0
5,38455939494361
0
0
0
0
0
0
0
0
10,1443806584174
0
0
0
0
0
8,66942761391090
0
0
5,18835209186392
0
0
0
8,89545600174455
0
0
0
0
0
0
5,78139240559634
0
0
0
0
0
9,53847066013749
0
12,0527168324537
0
0
0
0
0
0
0
0
7,26047639606298
8,09776819065241
0
0
0
0
0
0
0
7,95238761196184
0
0
9,20915787334594
1,77291883231104
0
3,57526733943178
0
0
0
0
0
0
1,78359231035206
0
0
6,06692096849132
0
0
0
0
0
0
0
0
3,06401480906102
0
0,232110952585460
0
0
0
0
0
0
0
0
5,24259096351722
0
0
0
0
0
2,64091953687140
0
0
5,74454363761464
0
0
0
0
0
0
0
8,54671894710100
6,22575783255643
0
0
0
0
3,04625156674791
0
0
0
0
0
0
6,40057842211199
0
7,96366429015812
4,44224827388225
0
0
4,44308556500864
0
0
8,36259472605726
0
0
5,79158282580527
0
0
0
0
0
0
3,69878580325114
7,19988518430324
0
0
4,20445523760701
0
0
0
0
0
4,79915733662202
0
7,84499514303645
5,66928565988984
0
0
6,94858686644963
0
0
0
8,61784750690004
0
0
0
0
0
0
5,60067726885729
0
0
0
0
0
4,50929649602784
0
4,14966721138068
0
0
0
4,71830958939929
0
7,03535087911043
4,31307496253814
0
0
0
0
0
8,21969997496891
0
0
9,24202391527707
0
3,14843560467824
0
0
0
0
5,57864700079010
0
0
0
0
0
8,96779396528932
8,31846568954732
10,6691858131713
0
4,46009795883898
0
0
0
0
0
0
0
0
4,25180340640957
0
9,52204893392320
0
0
4,71605570345311
0
0
6,07572824183636
0
6,42379435400277
1,44527729111144
0
0
0
0
0
0
3,36911281165535
8,95304569489175
0
0
0,996031221344283
4,50995955766245
3,84514390367425
0
0
0
0
0
0
5,97642641805195
0
0
0
0
0
0
0
6,99485580292228
0
0
0
3,23913918954942
0
0
0
0
5,11939176951033
0
8,63908751241054
9,32543929516556
0
0
0
0
0
0
5,54315501617831
0
0
4,85332430635361
5,93152082505206
0
0
0
0
0
8,15310718601924
0
0
0
0
0
0
0
0
6,81241055181660
0
0
5,91209856250505
0
0
0
0
0
0
0
0
3,27549150454233
0
1,91211145415317
1,71567214454932
0
0
0
4,67025855609159
0
0
0
1,53781397226433
0
0
4,50304001242449
0
0
0
0
0
8,82558032096576
0
0
0
0
3,63757533738458
0
5,06654655575996
0
0
0
0
7,09030357592269
0
4,03760617140014
0
0
9,69399676750041
0
0
0
0
0
0
0
3,96308868138881
0
0
2,47513587955520
0
0
0
4,22882967261319
0
7,94366503450639
0
0
0
0
0
0
0
0
0
4,56945979018150
0
0
0
0
12,3053349229649
0
0
0
0
0
0
0
0
0
0
0
0
0
0
0
0
0
7,39244576648422
0
0
0
8,42470382728028
0
0
0
0
0
0
0
0
4,21965042594511
0
0
0
4,07383114253727
6,01971207339919
0
0
0
0
0
0
0
3,96794435554345
0
0
0
0
0
0
9,63979627473949
2,74818191296763
0
7,14049705992086
0
5,33222950792460
2,16782976629270
0
4,89810710404133
0
0
0
0
0
7,28479450185787
0
0
0
0
3,85431342048252
8,95695997733736
0
0
0
1,28598418097653
6,34278723418789
0
0
0
0
0
0
5,88872012137379
5,89981420507552
5,88961787918015
8,67001824394922
6,38767698988064
0
0
0
0
3,13245027127612
0
5,08295450413015
0
0
6,03277427740244
5,41775756425147
0
0
0
0
6,36302667143074
10,7211876333045
0
4,05817105362345
0
0
0
0
0
0
9,56932282588741
5,19543835763948
0
0
0
0
0
0
0
0
0
0
4,47013515233847
0
0
0
5,31544270373661
5,83864650391652
0
0
0
0
0
2,95671309331664
0
0
0
0
0
0
0
0
1,95565097729925
0
0
0
6,14434993520982
0
4,83882128187720
0
0
0
0
0
4,57978502032974
0
0
2,71632882383414
0
0
0
0
0
6,97139208027849
0
0
0
4,13311942464315
0
0
0
4,95232596591622
0
0
0
0
0
0
0
0
0
2,49211115690497
0
3,49047236537461
0
3,46445520692130
1,93168450701191
0
0
0
0
0
4,76038958091635
1,96520641108658
4,40556845252257
6,99901661357882
0
8,10019367099757
0
0
2,71546447601848
1,17609777653120
0
0
0
0
0
8,72624190751731
0
0
0
0
0
0
0
0
0
0
0
8,24732449420150
4,96127362233646
3,17721822330826
0
0
6,59710993519485
0
0
0
0
0
6,80157366545458
0
0
10,0649896172650
9,96022118981295
0
0
0
0
0
0
0
0
6,10588531406627
0
0
5,10969744984399
0
0
0
0
6,94868596057628
3,80876647289687
8,84661257013820
0
0
0
0
0
0
6,38297380768488
6,25163870539821
0
8,22170018167013
0
0
0
0
0
0
0
4,35269715962311
0
0
0
0
0
0
9,30433380605906
2,31643958815677
0
0
0
0
4,90275372936909
0
0
0
0
0
0
0
0
5,58160534266567
0
0
0
4,07398991859544
0
0
0
0
0
0
0
0
5,35148622986278
0
0
0
2,36545581612548
0
0
0
0
0
8,56058975308055
0
0
3,78723557965243
0
0
5,28196874683170
4,52386155884027
0
0
1,82768592145238
0
0
0
2,46692751887424
0
0
0
3,75765216517194
0
0
0
0
0
5,20389675337892
0
0
1,12341490853275
0
0
0
0
0
8,63029793785191
0
0
7,56799855881461
0
0
0
0
0
0
0
5,83180488606308
0
0
1,82415840610081
6,75371865338977
0
0
0
7,99113128189148
3,10147430658207
6,04379656164493
0
0
0
7,76119079052394
0
0
8,67357267476005
0
3,55556599529031
0
0
0
0
1,90523903870570
0
0
6,51209427263552
7,58923061886796
0
4,56920736130675
0
0
0
0
5,55871552827892
0
0
0
0
0
7,27399126306897
0
0
0
3,41170710809111
0
0
6,05969393949315
0
0
0
0
0
10,4474217889634
0
0
0
0
0
1,62702498518444
0
0
5,66056312057865
3,84065130551122
0
0
0
0
6,52882902094677
0
0
5,53521279603376
10,5942207453494
0
0
0
0
0
0
0
0
0
0
4,65554993766379
0
10,8431043712142
0
2,91260769528078
7,65079589377562
0
0,817343623210089
0
0
0
3,19209785775035
0
0
0
0
6,95099715116554
0
0
4,50848521597737
0
0
0
5,17687004320266
0
0
0
0
0
3,48464965676564
0
0
0
0
1,93803670546126
0
0
0
0
0
7,73322608697906
0
0
0
3,38379351141980
9,24833643087249
0
0
8,84945320335506
5,65654481091379
4,73018873660899
0
0
0
0
3,15257058405205
0
0
0
8,15658007155746
0
0
0
0
0
0
0
3,74702071208349
0
0
1,72798708736669
5,98067897507363
2,52956780557596
0
0
0
0
0
0
5,64126405188135
0
0
0
7,52594857337395
0
3,32218215877299
0
9,76274152632060
0
0
0
0
0
0
6,48293270608599
5,90397223084796
0
0
0
1,71521164453504
0
0
2,63306449942566
0
0
0
0
0
0
0
0
5,51958504482819
0
0
0
0
0
0
0
0
0
6,29788703401118
0
0
0
0
5,92883313150281
0
0
6,39502334350205
0
0
0
0
4,01843101180739
0
0
0
0
6,87523538155684
4,18141148562568
0
0
0
0
0
0
0
0
0
0
0
0
0
0
0
0
3,34647118906991
0
0
0
0
0
0
0
0
0
0
0
0
0
0
0
5,35142496390898
0
0
4,91576344725087
0
0
0
0
0
0
14,4722938324487
10,6258372884882
0
0
4,36092523529543
1,22234014613705
0
4,17518048206726
0
0
0
0
0
8,01691871216448
0
0
0
0
0
0
6,02747018648033
0
0
0
0
0
4,82409755491808
0
0
0
0
0
0
6,96888322660371
0
0
0
0
0
0
0
0
0
11,4696684918171
4,03265049297545
0
0
0
0
0
3,62623675164966
0
0
0
0
0
0
0
0
0
2,56844647995638
0
0
0
0
7,21456211854784
0
0
0
0
0
0
0
0
0
0
0
0
4,41420896724289
0
7,11054509420347
0
0
0
0
6,77992397799063
0
2,84214513803268
0
0
0
0
6,70269619594198
6,49091049393049
0
0
6,77219589878299
0
0
0
0
4,83238594305831
5,05040242907928
0
0
4,27577689030667
0
0
0
0
0
0
0
7,28307112815415
5,91082580165449
13,0460293934425
0
0
5,59696896467506
1,88655036214009
0
0
0
0
0
0
0
0
9,41059066413721
0
7,50005822755911
0
5,92140039352001
0
0
0
4,76149843905640
2,13775669714377
0
0
0
0
2,86783811908991
0
3,71545175471840
0
0
0
0
0
0
0
5,39391787372735
0
0
0
0
0
0
0
0
8,53425415005240
0
0
6,28926510733028
0
0
3,96998103468606
1,10021378150832
0
0
0
4,53718540686835
5,49025335884434
2,87293075244330
0
10,2745638223354
0
0
0
2,43650742625343
4,52319867054660
0
0
0
6,51139407531732
0
0
0
5,38118051007708
3,79895054069491
0
1,60554461102988
0
0
2,14323081835902
0
0
0
6,31729181473539
0
0
0
8,10616030004427
6,35818422506965
0
0
5,93822734825531
0
7,88783282781056
7,23225380364498
0
0
2,25200242330127
0
0
0
0
0,368534885591877
0
0
2,82653697408635
0
0
0
6,58500899593772
0
0
3,70609064715320
0
0
0
0
0
0
0
0
0
4,54593068090882
8,18448065364348
0
0
0
4,62639830895968
0
0
0
0
3,92060062546125
0
0
0
0
0
0
0
0
0
0
0
0
0
0
0
0
0
0
0
0,725805606940886
0
0
0
0
0
0
7,10816239159098
4,97399686976757
0
0
0
0
4,99519132463218
0
4,40942750826317
0
0
0
0
0
0
0
0
0
0
0
0
0
3,60475572549325
0
0
0
10,5688037349783
0
0
6,84731342446362
6,60895026121538
3,47841566457348
0
8,89503006997228
0
6,94159981156815
4,49502270530941
0
2,93939153676165
0
2,51398729860961
0
0
0
5,00185273524900
0
0
0
0
0
6,39421515638084
0
0
3,33590900723573
0
0
0
5,54769824308069
0
0
0
0,0565723663621927
0
5,15117137176705
0
0
0
0
0
0
0
2,39964365951811
0
0
0
0
0
4,71474580450956
0
5,15001258599641
0
0
4,56291836071041
0
3,03278173866469
0
0
5,56205873430114
0
0
0
0
0
0
3,55613914697638
0
0
5,14396967626917
0
0
0
0
0
9,43715766663583
0
0
0
0
0
0
0
3,07209643713555
5,95431280715688
8,05752427864174
0
0
0
4,98200973021591
3,67737811196245
0
0
0
5,36527628659671
0
0
0
5,19089409065211
0
0
0
5,76825849984021
0
0
0
6,57451070033060
0
0
0
0
0
0
0
0
2,64030529552870
0
0
10,4252307094882
5,35599168748663
0
1,79518412639784
0
5,08685515847073
0
4,54351603820310
0
0
0
0
7,68911695560426
0
0
5,74658672968649
0
0
0
0
0
0
0
0
3,00465245689675
0
0
0
0
0
0
0
7,50011086143387
0
0
0
0
0
3,40919085232699
6,41654197507290
0
7,25920652492178
7,72891122898071
5,67260190128093
0
9,17667442578025
0
0
0
8,14570867821905
0
6,86899134285711
0
0
0
0
0,693773728685129
0
0
0
0
0
6,79497874613686
0
4,54326062891721
2,59838177002339
0
6,16777261787723
10,4535167432935
0
0
0
0
0
0
2,86440583786059
0
8,38874392561612
0
4,21954650695164
0
0
0
0
0
0
0
0
0
0
0
0
0
0
0
0
7,89558164459810
2,29584799905640
0,625488071722562
0
0
1,52877460025464
0
0,917129699159890
0
7,62341849916295
0
6,32377382211575
0
0
0
7,55536781830803
0
0
0
0
0
9,97354712787051
0
0
0
0
8,07573250599394
0
0
3,99966011488809
0
0
0
11,9281698689518
0
0
0
0
3,13695540888950
3,90955844647621
0
6,00869475931890
0
0
0
7,24857525723259
1,65725962958687
7,37791805565580
0
0
9,81719574772636
0
0
0
0
7,81275740797396
0
0
0
0
0
0
0
0
0
0
0
0
0
0
0
11,5385362310654
0
6,71082477140043
0
0
0
7,14017386309250
0
0
0
0
0
0
0
0
0
0
6,29273747484081
0
0
3,00919359007574
0
0
2,84932442292347
0
0
0
0
0
0
0
0
0
0
0
0
2,02842949565283
1,53789404115345
0
0
0
0
0
0
0
0
0
0
0
0
0
0
0
0
0
0
0
0
0
0
2,25232149014100
0
0
6,37766959686923
0
5,84192506526544
0
0
6,38213336111337
0
0
0
6,14295388857268
6,53563211631339
7,08749751158757
0
0
0
3,23986347255221
0
0
0
0
0
1,87164653631279
0
0
0
0
0
0
5,00858147353611
0
0
0
0
0
0
0
5,54018930347581
0
0
6,48387222297676
0
0
0
0
0
0
8,19590315362190
4,87968180858610
0
1,92191457310586
5,52357542234639
0
0
2,24605098444264
0
0
0
0
6,89306715588671
0
0
0
0
0
0
0
8,08039340232338
2,04597957388842
0
0
0
8,30383325744980
0
0
0
6,89680320946853
0
0
0
0
0
0
6,69827835828718
0
0
3,93686029157380
0
0
0
0
0
0
3,21550674036115
0
0
0
9,20628347207068
0
0
0
0
0
0
0
0
0
1,83734773453299
0
0
0
5,76203223025226
0
0
0
0
4,34464545828363
0
0
0
0
0
0
0
0
0
0
0
8,16598215470272
7,71918001727143
5,79598574310389
0
0
0
0
3,40990130946251
0
0
0
3,17463466976457
0
0
0
0
10,8335919215813
0
0
0
6,62892419024102
0
0
0
0
0
0
0
0
0
0
0
0
0
0
0
0
0
0
0
0
0
0
0
0
8,54125824872783
0
5,39143794322033
0
0
0
5,66674758283794
0
0
0
0
0
4,37226826045093
0
0
0
5,53051577413505
6,14753094224254
7,70545294445582
0
0
3,44675518481181
0
0
0
7,62510887878988
0
4,08577532383537
0
7,57148488781775
0
0
0
9,93361880100851
0
8,15697942107734
0
4,05392815163125
0
0
0
0
6,07683389306552
0
0
0
0
0
0
10,5670377009948
0
0
0
0
1,35362186904994
0
0
0
0
3,53534569902825
0
0
3,20917809004075
0
4,30739574321660
0
0
6,36814880994950
0
5,88419142472639
0
0
0
0
0
0
0
0
0
4,06354616703477
0
8,90115640200174
0
8,15664193591939
0
0
0
6,77559137903775
0
6,07537697003022
0
0
0
0
0
0
0
0
0
4,56620981859556
3,92410541636180
0
0
0
8,74744825673630
7,16477640030474
0
0
0
0
3,15753554717681
4,95818587740349
10,0025385705508
0
0
3,65518003486083
0
0
7,64256330471147
0
0
0
0
0
0
0
0
6,87172625161193
0
0
4,92307730851827
8,79612057863415
0
0
0
11,2294383294279
0
0
0
0
0
0
0
0
0
5,47333713107446
0
0
0
0
0
0
11,6022614696752
0
0
0
6,62417618454788
0
8,66963171647007
0
0
0
3,95148004428250
0
2,97885314814187
0
0
0
0
0
10,0403651867399
0
0
6,49882896837155
0
9,19943420796340
0
0
0
3,49800546026958
0
2,33230599635466
0
0
4,93206266493907
0
0
0
0
0
0
0
0
0
0
10,6486070986707
3,15859758407051
0
7,65726560084759
0
0
0
3,77946689784467
9,79411911892312
0
0
3,99604662167909
0
0
0
0
0
0
0
0
0
6,48988934599748
1,47574131520223
3,11967624609299
0
0
0
6,43042102630510
0
0
0
0
0
0
0
6,41392390497630
7,63984215276907
0
4,47016803659348
0
0
0
0
0
0
0
4,19276891939077
0
0
0
0
0
0
0
0
0
0
0
0
0
0
0
0
0
0
0
4,66369145389163
0
0
0
0
8,41358535762424
0
0
0
0
0
0
0
0
5,85528462993073
0
0
0
0
0
0
0
4,83526154171678
4,38943787833300
0
0
0
0
0
0
0
5,21120215806992
0
0
5,65322534520687
0
0
0
0
0
0
0
0
0
3,47407594285225
0
0
0
0
0
0
0
0
9,28082571135854
11,0953558816757
7,56105457038967
9,22708782107879
0
0
0
0
2,59472261253758
6,69196327851833
0
0
0
0
0
0
6,52639935797955
0
0
0
5,01997605220075
9,40356551254045
0
0
0
0
0
1,58190278648999
0
0
11,3000611335535
0
0
0
0
1,72017290928034
0
0
8,53206803324099
10,5917920485421
0
5,57709081766948
0
0
2,59267813363408
0
6,28219700840867
0
0
0
0
0
0
0
0
6,11929821318644
0
3,39340598440048
7,28553698285949
5,65684306520737
0
0
0
0
0
13,7373412044206
9,41935642088985
10,6976051229008
0
0
7,17102150446377
0
0
0
0
0
0
0
0
2,47733943430023
0
3,40847017052470
0
0
0
3,83152971927041
5,81366243245300
0
0
2,85239630500281
0
0
0
0
0
0
0
0
0
0
0
0
0
0
0
0
0
0
0
0
0
0
0
0
0
0
0
7,65665372315961
0
0
0
0
0
0
0
0
0
0
0
4,30548041268673
0
0
0
0
0
0
0
0
0
0
0
0
0
0
0
8,70152383686700
0
0
0
0
0
0
0
0
0
0
0
0
0
0
0
0
0
0
0
4,02310285764038
7,68730796560069
0
0
0
0
0
0
0
0
0
0
0
0
0
0
0
0
0
0
0
0
0
0
7,27256092764806
0
0
0
0
0
0
0
0
0
2,25055176769372
0
0
0
0
0
0
7,25511657867357
0
0
0
0
0
0
0
0
0
0
0
0
0
0
0
0
0
5,89016099070516
0
0
0
0
0
0
0
0
7,58397162006638
0
0
0
0
0
0
3,61563064413670
0
0
0
0
0
0
0
0
0
0
0
0
0
0
0
0
0
0
0
0
0
0
0
0
0
0
0
0
3,31074816657107
0
5,15806326114076
0
1,78320755550613
0
0
0
0
0
0
0
0
0
0
0
0
2,97366236512248
0
0
0
0
0
0
0
0
0
0
0
0
0
0
0
0
0
0
0
0
0
0
7,74372500324974
0
0
0
0,902911159738443
0
0
0
0
0
0
0
0
0
0
0
0
0
0
0
0
0
0
0
0
0
0
0
0
0
0
0
0
0
0
0
0
0
0
0
0
0
0
0
0
0
0
0
0
0
0
0
0
0
0
0
0
0
0
0
0
0
0
0
0
1,08054742924854
8,38397118703951
0
0
0
0
0
0
0
3,52913378076171
0
0
0
0
0
0
0
0
0
0
0
0
0
0
0
0
0
0
0
0
0
0
0
0
0
0
0
0
3,87002352889308
0
0
0
7,12734836238256
0
6,98556807710777
0
0
0
0
0
0
0
0
0
0
0
0
0
6,70642282136520
0
0
0
0
0
0
0
0
0
0
0
0
0
0
7,04189773499708
0
0
0
0
0
0
0
0
0
0
0
0
0
0
0
0
0
0
0
0
0
0
0
4,08450405784991
0
0
0
0
0
0
0
0
0
0
0
0
0
0
2,69941097686514
0
0
0
8,29607829139381
0
0
0
0
6,71617505920756
0
0
0
0
0
0
0
0
0
0
0
0
0
0
0
0
0
0
0
0
0
0
0
0
0
0
0
0
0
0
0
0
0
0
0
0
0
0
0
0
0
0
0
0
0
0
0
0
0
0
0
0
0
0
6,86969404821457
0
0
0
0
0
0
0
0
0
0
0
0
0
0
0
0
0
0
0
6,13352461442681
0
0
0
0
0
0
0
0
0
0
0
0
0
0
0
0
5,80353650097274
0
0
0
0
0
0
0
0
0
0
0
0
0
0
9,24751131030459
0
0
0
0
0
0
0
0
0
6,60504683191706
0
0
0
0
0
0
0
0
0
0
0
0
0
0
0
0
0
0
0
0
0
0
0
0
0
0
0
0
0
0
0
0
0
10,6925582360946
0
0
0
0
0
0
0
0
0
0
3,96145983309585
0
0
0
0
0
0
0
0
0
0
0
6,32254216823907
0
0
0
0
0
0
0
0
0
0
0
0
0
0
0
0
0
0
0
0
0
0
0
0
0
9,39011971173254
0
0
0
0
0
0
0
0
0
0
0
0
0
0
0
0
0
0
0
0
0
0
0
0
0
0
0
0
0
0
4,61506527459026
0
0
0
0
0
0
0
0
0
0
0
0
0
0
0
0
0
5,68816012176075
0
0
0
0
0
0
0
0
0
4,45461957444613
0
0
0
0
0
0
0
0
0
0
0
0
0
7,39444686249377
0
0
0
0
0
0
0
10,7797562090344
0
0
6,16356577988209
0
0
0
0
0
0
4,23572312485058
0
0
0
0
0
5,52058769497788
0
0
0
0
0
0
0
0
0
0
0
1,81043289404908
0
0
0
0
0
0
0
0
0
0
0
6,43746498135317
0
0
0
0
0
0
0
0
6,02784049516641
0
0
0
0
0
0
0
0
0
0
0
0
0
0
0
0
0
0
0
9,03404150422450
0
0
0
0
6,45383036366431
4,59132409133944
0
0
0
0
0
0
0
5,79426949742142
0
9,24068279553451
0
0
0
0
0
0
0
0
7,53779335039128
0
0
0
0
0
0
0
0
0
0
0
0
0
0
0
0
0
0
0
0
0
0
0
0
0
0
6,79133648908141
0
0
0
0
0
0
0
0
0
3,83503767887646
6,74296832737181
0
0
0
0
0
0
0
0
0
3,02671384353817
0
0
0
0
0
0
0
0
0
0
0
0
0
0
7,90600250879433
0
0
0
0
0
4,35360009217062
0
0
0
0
0
0
0
0
0
0
0
0
0
7,37953667172161
0
0
0
0
0
0
0
0
0
0
0
0
0
0
0
0
0
0
0
0
0
0
0
0
0
0
0
0
0
0
0
0
0
0
0
0
0
0
0
0
0
0
0
0
0
0
0
0
0
0
0
0
0
0
0
0
0
0
0
0
0
3,81674805152647
0
0
0
0
0
0
0
0
0
0
0
0
0
0
0
0
0
0
0
0
0
0
0
0
0
0
0
0
0
0
0
0
0
0
0
0
0
0
0
0
0
5,75917695350410
0
0
0
0
0
0
0
0
0
0
0
0
0
0
4,24527645546376
0
0
0
0
0
0
0
0
0
0
0
0
0
0
0
0
0
0
0
0
0
0
0
0
0
0
0
0
0
0
0
7,37087381274228
0
0
0
0
0
0
0
0
0
0
0
0
0
0
0
0
0
0
0
0
0
0
0
0
0
0
0
0
0
0
0
0
0
0
0
0
0
0
0
0
0
0
0
0
0
0
0
0
0
0
0
0
0
0
0
0
0
0
0
0
0
0
0
0
0
0
0
0
0
0
0
0
1,89662575224446
0
9,80485883261762
0
0
6,50781074420838
0
0
0
0
0
6,08313138022328
0
0
0
0
0
0
0
0
0
0
0
9,37852456919023
0
0
0
0
0
0
0
0
0
0
0
0
0
0
0
0
0
0
0
0
0
0
2,57630787809040
0
0
0
0
0
3,77211320275268
0
0
0
0
8,25781170666568
0
0
0
0
0
0
0
0
0
0
0
0
0
0
0
0
0
0
0
0
0
0
0
0
5,07682403590176
0
0
6,00632564018001
0
0
0
0
0
0
0
0
0
0
0
0
0
0
0
0
0
0
0
0
0
0
0
0
0
0
0
0
0
0
0
0
0
0
0
0
0
0
0
0
0
0
0
0
0
0
0
0
0
0
0
0
0
0
0
0
0
10,4887647645472
0
0
0
0
5,75167983990978
0
0
0
0
0
0
2,72912210325938
0
0
0
7,06961072420523
0
11,2043222351654
0
0
0
0
0
0
0
0
0
0
0
0
2,49075169003387
0
0
0
0
0
0
0
0
0
0
0
0
0
0
0
0
0
0
0
0
0
0
4,59051897623136
0
0
0
0
0
0
0
0
0
0
0
0
0
0
0
0
0
0
0
0
0
1,52167402588070
0
0
2,59908790360568
0
0
0
0
0
0
0
0
0
0
0
0
0
0
0
0
0
0
0
0
0
0
0
0
0
0
0
0
0
0
0
0
0
0
6,61981664010097
0
0
0
0
0
0
0
1,68507218952452
0
0
0
0
0
0
0
0
0
0
0
0
0
0
0
0
0
5,34586818108904
0
0
0
0
0
0
0
0
0
8,67822957782551
0
0
0
6,75586384781237
0
0
0
0
4,99203432781845
0
0
0
0
0
0
0
0
6,74967503002242
0
0
0
0
0
0
0
0
0
0
0
10,3027414563976
0
0
0
0
0
0
0
0
0
0
0
0
0
0
0
0
0
0
0
0
0
2,27576392160265
0
0,883333698514672
0
0
0
0
0
0
0
0
0
0
0
0
0
0
0
0
0
0
0
0
0
0
0
0
0
0
0
0
7,06221986370729
0
0
0
0
0
0
0
0
0
0
0
0
0
0
0
0
0
0
0
0
0
0
0
0
0
0
0
0
0
0
0
0
0
0
0
0
0
0
0
0
0
0
0
0
0
0
0
0
0
0
0
0
0
0
0
0
0
0
0
0
0
0
0
0
0
0
0
6,96975861733436
0
0
0
0
0
0
0
0
0
0
0
0
0
0
0
0
0
0
0
0
0
0
0
0
0
0
0
6,08778151127206
10,8367015214821
9,62810524251616
0
0
0
0
0
0
0
0
0
5,57463113761469
3,57966095602103
0
0,830433546174796
0
0
0
5,42601179972812
0
0
0
0
8,17305363746462
6,69404118394611
0
0
0
0
0
0
0
0
7,19135933508420
0
0
0
0
0
0
0
0
2,69207060006089
0
0
0
0
0
0
0
0
0
0
0
0
0
6,44414229788493
0
0
0
0
0
0
0
0
0
0
0
0
0
0
0
0
0
0
0
0
0
0
0
0
0
0
0
0
7,82574055662316
0
0
0
0
0
0
0
0
0
0
0
0
2,78792777702506
0
0
0
0
0
5,59769517426906
6,17558660593512
0
0
0
0
0
0
0
0
0
0
0
0
0
0
0
0
0
0
0
0
0
0
0
0
0
0
0
0
0
0
0
0
0
0
0
0
0
0
0
0
0
0
0
0
0
0
0
0
0
0
0
0
0
0
0
0
0
0
0
0
0
0
0
0
0
0
0
0
0
0
0
0
0
0
0
0
0
0
0
0
0
0
0
0
0
0
0
0
0
0
0
0
0
0
0
0
0
0
0
0
0
0
5,34170596547460
0
0
0
0
0
0
0
0
0
0
0
0
0
0
0
0
0
0
0
0
0
0
0
0
0
10,0718691171026
0
4,76293235908897
0
0
0
0
0
0
0
0
0
0
0
0
0
0
0
0
0
0
0
0
0
0
0
0
0
0
0
0
0
0
8,64228382639087
0
0
0
0
0
0
0
0
0
0
0
0
0
0
0
0
0
0
0
0
3,22273135630138
0
0
0
4,35233846473365
0
0
0
0
7,05539529562518
0
0
0
0
0
0
0
0
5,25025116421814
0
0
0
0
5,88093885977281
0
0
0
0
0
0
0
4,90152912268752
7,08327359523724
0
0
0
0
0
0
0
0
0
0
0
0
0
0
0
0
0
0
0
0
0
0
0
0
0
0
0
0
0
0
0
0
0
0
0
0
0
0
0
0
0
0
0
0
0
0
0
0
0
0
0
0
0
0
0
0
0
0
0
0
0
0
0
0
0
0
0
0
0
0
2,30205202197259
7,83352390108611
0
0
0
0
0
0
6,36396754175758
0
0
0
1,71971007066646
0
0
0
0
0
0
0
0
0
0
0
0
0
0
3,79122277967178
0
0
0
0
0
0
0
0
0
0
0
0
0
0
0
0
0
0
0
0
0
8,50331918989003
0
0
0
0
0
0
0
0
0
0
0
0
0
0
0
0
0
0
0
0
0
0
0
0
0
0
0
0
0
0
0
0
0
0
0
0
0
0
0
0
0
0
0
0
0
0
0
0
8,29964084752228
0
0
0
0
5,29397408981792
0
4,09110901672620
0
0
0
0
0
0
0
0
0
0
0
0
0
0
0
0
0
0
0
5,83682974639408
0
0
0
0
0
0
0
0
0
0
2,77054273323418
0
0
0
0
0
0
0
0
0
0
0
0
0
5,35385407608599
0
0
0
0
0
0
0
0
0
0
0
0
0
0
0
0
0
4,13198043620366
0
0
0
0
0
0
0
0
0
0
3,68035882724041
0
0
0
0
0
0
0
0
0
0
0
0
0
0
0
0
8,07066116677317
0
0
0
0
0
0
0
0
0
0
0
0
0
0
0
0
0
0
0
0
0
0
0
0
0
3,98705842864751
0
0
0
3,41957795234516
0
0
0
0
0
0
0
0
0
0
0
0
0
0
0
0
0
0
0
0
0
0
0
0
0
0
0
0
0
0
0
0
0
0
0
0
0
0
8,95658701262009
0
0
0
0
0
0
0
0
0
0
0
0
0
0
0
0
0
0
0
0
0
0
0
0
0
0
0
0
0
0
0
0
8,02322487192678
0
0
0
0
2,18629831235556
0
0
0
0
7,90533129826463
0
6,32830754165092
0
0
0
2,69638454263805
0
0
0
0
0
0
0
0
0
0
0
0
0
0
0
0
9,07948699202258
0
0
0
0
0
0
0
0
0
0
0
0
0
0
0
0
0
0
0
0
0
0
0
0
0
0
0
0
0
0
0
0
0
1,99309838298220
0
0
0
0
0
6,83746269928859
0
0
0
0
0
0
0
0
0
0
0
0
0
0
0
0
0
0
0
0
0
0
0
0
0
0
0
0
0
0
0
0
1,54308609353484
0
0
6,83277049853029
0
0
0
0
0
0
0
0
5,10680671954789
0
0
0
0
0
0
0
0
0
0
0
0
0
3,95874706356035
0
0
0
0
0
0
0
0
0
0
4,61947805635889
0
0
0
0
0
0
0
0
11,8248180344419
0
4,99377702270152
1,30791189179715
0
0
0
0
0
0
3,38248423031047
0
0
8,62179857208417
0
0
0
0
0
0
0
0
0
0
0
0
0
0
0
0
0
0
0
0
0
0
0
0
0
0
0
0
0
0
0
0
4,45315251140873
0
0
0
0
0
0
0
0
0
0
0
0
0
1,07339758733776
0
0
0
0
0
0
0
0
0,942092157098649
0
0
0
0
0
0
1,71433519366376
0
0
0
0
0
0
0
0
0
0
0
0
0
0
0
0
0
0
0
0
0
7,39915460025458
0
6,44675595495781
0
0
0
0
1,26630754594732
0
0
0
0
0
0
0
0
0
0
0
7,98139167199345
4,79411310250630
0
0
0
0
0
0
0
0
0
0
11,4921598845961
0
0
0
0
0
0
0
0
0
0
0
0
0
0
0
5,91412858289485
0
0
0
0
0
0
0
0
0
0
0
0
0
0
0
0
0
0
0
0
0
0
0
0
0
0
0
7,91445246213492
4,06635316324336
0
0
0
0
0
0
0
0
0
0
0
0
0
0
0
0
0
0
0
0
0
0
0
3,70587682938939
0
0
0
0
0
7,62013288900735
4,07628612883282
0
0
0
10,7800577660754
0
0
5,26785824602575
0
0
0
0
0
0
0
0
0
0
0
0
0
0
0
0
0
0
0
0
0
0
0
0
0
0
0
0
0
0
6,26638957469704
0
0
0
0
0
0
0
0
0
0
0
0
0
0
0
0
0
0
0
0
0
0
0
0
0
0
0
0
0
0
0
0
0
0
0
0
0
0
0
0
0
0
0
0
0
0
0
0
0
0
7,27106695069399
0
0
0
0
0
0
0
0
0
0
0
0
0
0
0
0
0
0
0
0
0
0
0
0
0
3,82817421899834
0
0
0
0
0
0
0
0
0
0
0
0
0
0
0
0
0
0
0
0
0
0
0
0
0
0
0
0
0
0
0
9,70342695356462
0
0
0
0
0
0
0
0
0
0
0
0
0
0
0
0
0
0
0
0
8,33317025519718
0
0
0
0
0
4,37168283847931
0
0
0
0
0
0
0
0
0
0
0
0
0
0
0
0
0
0
0
0
0
0
0
0
0
0
0
5,39678756850165
0
0
0
0
0
0
0
0
0
0
0
0
0
0
0
0
0
0
0
0
0
0
0
0
0
0
0
0
0
0
0
0
0
0
0
0
4,02753642343547
3,43576903225104
0
4,57583348932710
0
0
0
0
0
0
0
0
0
3,79772495324659
0,0301851500465937
0
0
0
0
0
0
9,62414933539075
0
0
0
0
0
0
0
0
0
0
0
0
0
0
0
0
0
0
0
0
0
0
0
0
0
0
0
0
0
0
0
0
0
0
0
0
0
0
1,17023594442853
0
0
0
6,88480026918433
0
0
0
0
0
0
0
0
0
0
0
0
0
0
0
9,08216751491446
0
0
8,01905136334199
0
6,02046977319719
4,28521090462948
0
5,48067705632365
0
7,34407365749716
6,41228305197391
0
0
4,96646905235482
0
0
3,39263929904335
0
3,31369069778123
0
0,762674363925634
0
3,84233534216628
0
0
0
2,16925704847800
5,57771193631329
0
4,23504874097164
0
0
0
0
7,44944790654700
0
0
6,13080235389168
0
0
0
0
0
0
0
0
1,85833316103588
0
0
0
0
0
0
0
5,45976857714123
0
0
10,1232783660921
0
0
0
0
0
0
7,70168214446662
0
0
0
5,58867558462228
0
0
0
0
0
8,60910874759446
5,78574147251674
4,62131074052558
9,15309649556417
3,02092112012011
0
0
0,900513437235621
0
0
0
0
6,20273940614826
0
0
0
1,79625288375237
0
0
0
0
0
0
6,43719624051485
5,11629225077432
0
0
0
0
5,19709053674711
0
6,64297074826735
0
0
0
0
1,20761102224535
3,57119100231298
0
0
0
8,89120486134445
1,44890633992733
0
0
6,21019532551300
0
0
0
5,63695862116982
0
0
0
5,55484509324780
9,62492727821385
0
0
0
0
0
0
0
3,07504975157256
0
0
0
5,67103225839153
0
0
0
2,35324928201482
0
0
0
3,50181334322500
0
5,31809525051339
0
8,77193733014209
0
0
0
5,60859817491177
0
9,55661822598373
0
0,293150901947994
0
0
0
0
0
0
0
0
0
0
6,27892062322969
0
0
5,91362761824606
0
0
0
0
0
0
0
0
0
5,50475834634520
0
5,70387978364938
0
0
0
8,57424270432778
3,32041492596343
0
0
0
0
0
0
1,96410636380386
6,97822379016593
3,56364129156889
3,15087576412434
3,74076192752833
0
0
5,58338579934120
0
0
0
0
0
0
4,87689428506846
0
4,22010639020448
0
0
8,86897892059482
12,8610233106825
8,46416115369819
0
4,23278966163524
3,48921034562377
5,47623448537905
0
4,11257021071149
0
0
0
1,59533293286296
0
0
9,64549499600499
0
0
0
0
0
0
0
0
0
0
0
0
0
0
0
0
0
0
0
5,02653141290763
4,52097656045325
0
0
0
0
0
0
8,63680617875398
0
0
0
0
0
4,36206460884135
3,29403754682932
0
2,41591598754935
0
0
5,65152073504636
0
0
7,28628989699483
0
0
5,45713793311193
3,42921234580967
0
0
0
0
0
0
0
0
0
0
0
2,07898390596066
1,38357262387633
5,66382039044702
0
0
0
4,88944524600406
0
0
3,55583329795520
3,41594306833860
8,76523842536042
3,58803768837519
0
0
0
0
0,891163038606911
0
0
0
0
0
5,11856123089044
0
0
5,01768957724880
0
0
0
0
0
5,34946356937089
0
0
0
3,26953973952264
0
0
0
0
0
0
0
0
0
0
0
0
4,18838708054985
0
7,32789261208683
4,88169941232762
5,67255424774064
5,17444413004774
0
0
0
0
0
0
0
0
0
0
0
0
0
3,37923317287283
0
7,08265936384045
8,77855696460515
0
0
1,43147279236493
9,91833342112934
0
0
8,34251882088650
0
5,83124284449216
7,41845951736143
6,15756180870481
0
0
0
0
0
5,16104965564676
0
0
0
7,91351570183053
6,17826887866064
0
0
0
0
0
0
0
3,68229988307811
0
0
0
0
0
0,837050004420075
0
0
0
0
0
0
0
0
0
0
0
0
0
0
0
1,80747890168922
0
1,58052693479983
0
3,61287058707020
13,1933187880260
0
4,01135049045296
0
0
0,884803439624876
0
0
0
0
0
0
4,53416331492871
0
0
0
0
7,78898171329343
9,35467271970517
0
9,46483996714045
0
0
0
0
0
0
0
0
0
0
0
6,64868715736252
5,25743471840331
0
0
0
0
0
1,69885956339249
0
0
0
0
0
0
0
0
0
0
0
0
0
0
0
0
0
0
7,23342356183428
5,93502658203417
0
10,0984031826125
6,25451668614656
0
13,1179439456475
4,06463602731661
0
6,22027631344137
0,663814029584972
0
0
0
1,11502148198256
0
0
0
0
0
0
0
0
0
0
9,45629007457774
8,84096852013110
6,32659877580638
0
0
0
0
3,02684880119838
0
0
0
5,29306507561773
5,18050320370538
0
0
0
0
0
0
0
0
0
0
7,64018230320271
0
0
0
4,63578096027289
0
0
0
0
0
0
0
0
0
7,14046021499014
0
8,02788330087506
3,23962105379428
4,15104931529632
0
7,59315209786256
0
0
6,50902601357045
0
0
0
8,04214070761138
0
0
0
0
7,27428231058279
0
0
0
0
0
0
5,78435155018290
0
0
5,49184934629636
0
0
0
8,09136972765234
0
0
0
0
0
0
0
0
0
0
0
0
6,97641554072174
0
6,13706024930414
0
0
0
3,24427227878026
0
10,5652976582445
5,12627297708176
0
0
0
0
6,82651325581470
4,94779363324013
0
0
0
0
0
0
0
0
0
0
0
0
0
0
0
2,34302973981858
0
0
0
0
0
0
0
9,49544130212431
0
0
0
0
0
0
0
0
0
0
0
0
0
7,42098371915736
9,06248090483125
0
0
0
0
0
0
6,95779782540972
0
0
0
0
5,91686225666504
0
0
0
0
2,89255788852084
0
0
0
0
0
0
0
0
0
0
0
7,99462509097790
0
4,77935563722596
0
7,42389486010938
0
7,58448877793030
0
0
0
4,40865168794138
0
0
0
0
0
10,9378741122627
0
0
0
0
0
0
5,83654729800124
5,97004901555192
0
0
0
0
0
0
0
1,95938980460876
4,85846788182832
0
0
0
0
0
6,36986661722709
0
0
0
0
0
0
0
0
0
0
0
0
0
0
0
0
0
0
0
0
0
0
4,91937141403773
0
7,70154186843626
0
0
0
0
10,2871925114669
8,24532168335297
0
0
0
0
5,70119897731606
0
0
4,09536782929079
0
2,16245886017258
0
1,93545085611035
0
0
0
0
0
0
0
0
3,83649296875092
0
0
0
0
6,60274088645100
8,10222835564274
0
0
0
3,52629973113106
0
0
0
0
0
0
0
0
3,38854222618975
0
5,20301307815272
0
0
0
0
0
4,89143441263115
6,02514196139732
7,48599544133389
0
1,92115716569507
5,51502705262176
10,0376522393390
0
0
0
0
0
0
0
0
0
0
0
0
0
8,24740379651220
0
0
0
5,97138489001831
0
0
0
0
0
0
0
0
0
0
0
0
0
4,04899510473877
8,14256107360719
4,13484472208571
0
0
0
0
0
3,27708093006221
0
0
0
0
0
0
0
0
2,99235885143360
0
0
0
0
0
0
0
0
0
0
9,56422606307517
0
0
3,87677092917342
0
0
4,18779636289525
4,86612311792159
6,83696435581676
0
9,87967435949187
0
0
0
4,60419789710334
1,54718046808471
0
0
0
0
0
0
0
0
2,62285600459770
4,54363463596673
0
0
0
0
0
0
0
0
0
4,56256385956172
0
0
0
1,29182291033049
0
0
0
0
0
3,78232781681401
3,88108459545785
6,70963079024604
0
0
6,68949510162338
0
0
0
0
6,91726771186583
0
0
0
0
0
4,77500829056995
0
0
4,73790916553902
0
0
7,88492350610668
0
0
0
0
0
0
0
0
0
0
5,04398832902132
0
0
0
0
0
0
6,50651244734257
8,39285323999068
0
0
0
0
7,84216099589066
0
0
0
0
0
0
0,877187699957089
0
0
0
0
0
0
0
0
0
0
0
9,24283030045933
5,56085954676173
4,80059795161145
6,73997915203714
0
1,12580489497007
0
0
6,30162049299552
0
0
0
7,05619667430419
0
0
0
5,55542572137065
4,46348858215384
0
8,38450591988688
0
0
4,81763962615309
0
0
0
0
10,7057263307630
0
0
0
0
6,51780785303475
0
0
0
1,78648718743632
0
0
0
3,49468821640539
0
10,2216576790906
1,81920452985157
0
0
10,4735335841859
6,16707974535537
10,4840836900213
0
0
0
0
5,11453138493492
0
0
8,49435149303896
6,01479003509955
0
0
0
0
0
4,19171085612233
0
0
0
0
0
0
0
0
0
0
0
0
3,32256876842047
0
0
8,68101669243755
4,21588574900810
0
0
0
0
0
3,07638783095090
0
0
0
0
0
0
0
0
0
0
0
0
0
0
0
0
10,8083449669290
0
0
6,83310743203391
7,15290958303764
0
0
0
0
0
7,60059364733368
0
0
0
6,62389421615474
0
0
0
0
2,43809033532136
0
0
0
0
4,54718192031197
0
7,03942245751911
0
0
0
0
0
0
0
0
0
5,46023252536127
0
0
0
0
0
0
0
0
0
4,38945986566942
0
0
0
1,96094486913675
0
0
0
0
0
10,4921398054618
2,25874222663968
3,21427030046504
0
0
0
2,52627824559765
0
0
0
0
0
0
0
0
5,06483901433357
2,88725566507971
0
0
0
0
0
0
0
0
0
0
2,67436959893523
0
7,14577929523132
5,16524828137795
4,32224387625290
0
3,68965525887314
0
0
3,08191562261394
0
6,36922782290656
8,13717155251785
8,27335685363730
0
6,66829550727214
0
0
0
0
0
8,37202928279701
0
0
0
0
0
8,19952833458035
0
5,42927378028958
0
0
0
0
0
0
0
0
4,49112668480191
6,40756846880104
7,25745367010115
0
0
0
0
0
0
0
0
0
0
0
6,87421145051087
0
1,53827849301343
1,70540998336075
0
0
0
4,35156706354098
0
0
6,75551096032471
0
0
0
0
0
0
0
0
0
2,99264084656128
0
3,79249816020063
0
8,83649892341983
7,05635776682656
0
4,73356827822894
0
0
0
0
0
0
0
0
0
0
0
0
0
3,04647015136597
0
0
0
0
0
0
0
0
8,81911328946088
0
0
0
0
0
0
0
8,43540579614582
3,47648523693232
0
9,26671692532873
0
0
0
0
0
0
0
0
0
5,97151769013992
5,21334590019226
0
0
4,87729006924972
0
0
0
8,81841584640140
0
0
0
6,47091603460702
0
0
0
0
0
0
0
0
9,93784022535925
0
7,31323043042334
4,51738901184417
0
0
10,1362055626914
8,96360688233784
0
7,75900410818090
0
0
0
0
0
0
0
0
0
4,32123978786993
0
3,44070812745923
4,19892026367132
2,89245992533026
5,03046673921638
0
0
0
0
0
0
0
0
0
0
0
0
0
5,35503690095355
0
1,15317791780993
0
0
0
0
3,70023791527134
6,55656923039547
6,14590387685868
0
4,96855512245603
0
0
6,24543327850117
0
0
0
0
0
0
0
0
0
0
0
0
0
0
9,07446575786870
0
0
0
0
3,82610293839827
0
0
0
0
3,02100691588069
0
0
0
3,62831171409316
4,20910808796654
5,25969779719946
0
0
0
0
0
0
2,96885652187713
0
0
0
0
0
8,92722502792457
3,51734101368321
0
0
7,16511526811386
0
0
0
1,85160463619158
7,26103619665652
0
0
0
0
6,74294788012218
0
9,26559678035019
0
3,57655441334569
0
6,34989448608298
3,52430939741888
0
0
0
0
0
0
0
0
0
0
6,72960274725837
0
0
0
0
0
0
8,15633862762370
9,29095822257078
0
0
0
0
0
0
0
0
0
6,70904691925777
0
9,76391477242087
0
0
0
0
0
0
0
0
4,71688764686677
5,05804542014580
0
0
2,20805758153218
0
0
0
7,13091503746557
1,90847861138755
0
0
0
0
0
0
6,27924195846681
0,121757533183400
0
9,11383230158216
0
0
0
5,38404196640325
9,27491392220876
8,03448171782168
0
0
8,58509074245462
0
7,74777719950067
0
9,38953705025298
4,43040206725153
0
0
5,56072803992715
0
6,12729303454809
0
10,6619670462785
0
3,81199868321430
5,73037577142624
0
0
0
0
0
0
0
0
0
0
0
10,1310071686227
0
0
0
9,82726330812535
0
0
6,05468937715898
6,99649610811872
4,39904898945613
0
0
0
0
0
0
0
0
0
0
0
0
0
0
4,73919553439579
0
0
0
0
4,26650970774693
0
0
0
0
0
0
0
0
3,34999886535144
4,64507496118631
0
0
4,22683425972893
0
0
0
0
0
6,22896570822605
0
0
0
0
0
0
0
0
0
0
0
0
0
0
0
0
0
0
10,8367240473497
0
6,72954526822905
0
0
9,51532990188831
0
0
0
8,46250519796532
0
0
0
0
0
0
3,47285816155548
0
0
0
0
0
0
0
1,53164248151801
0
7,90661293828062
0
0
0
0
2,43332836931060
0
5,32707702294226
1,57457929216514
0
0
0
0
0
5,54070616685382
0
0
7,11115573993845
0
0
0
0
0
0
0
0
0
0
0
0
5,72667314212039
0
0
0
0
0
0
6,51971161902176
0
0
0
0
0
2,88594687253317
0
0
0
5,09919932854385
0
6,04692953994118
5,27337985871844
0
0
0
0
0
0
0
0
0
0
0
0
4,56419420029225
0
0
5,53069110345551
0
0
8,73908025013252
4,10760120874415
0
0
7,54645707998401
2,19389972940995
0
0
0
0
0
0
0
0
0
0
0
0
0
0
0
0
0
0
6,15736244615490
0
6,34501440571380
0
0
0
9,82973074393073
4,90183747564973
0
0
0
0
0
0
0
6,48582691337949
0
0
0
0
7,23730632729998
0
0
0
0
0
0
0
0
7,39058586318559
8,95874790770701
0
8,25895205708446
0
0
0
0
0
0
0
0
5,26588834260704
0
0
1,04295956353587
6,87327077982187
0
0
0
2,04742359585421
0
0
0
0
0
0
0
0
7,72572654832008
0
0
0
0
0
0
0
0
0
9,98895210482086
0
0
4,23474893274765
6,43094200336034
0
0
0
0
1,94795693414686
0
0
7,86615202649294
0
0
5,15467524175704
3,05759323225650
1,20144119298967
4,16234487987268
0
0
0
0
0
11,4804692725595
0
0
0
0
0
0
0
0
0
0
0
0
0
7,14314659471179
0
0
0
0
0
0
0
0
0
0
0
0
0
13,8104634025880
1,27948431609181
0
0
0
0
9,29651320658939
0
0
0
0
1,68447726574106
0
0
0
0
0
0
10,8925325225179
0
0
0
3,35149111748553
5,31693018343839
0
0
4,50030051137391
0
8,91178910600449
0
0
0
6,64285253516748
0
0
0
0
0,538460899061581
0
0
0
0
6,84279108879584
8,13362755593862
0
0
0
0
0
0
0
0
0
0
0
10,5795042995697
0
0
0
0
0
0
0
0
0
0
0
0
0
0
0
12,6025855337386
0
0
0
0
0
0
0
0
0
0
0
11,8298299812343
0
0
0
0
4,31186186969860
0,760610467441745
7,61344919234564
0
0
4,57283397307086
0
9,66187179076067
0
5,83509726741451
0
0
0
0
0
0
0
0,800502118066302
0
0
0
0
0
0
0
0
0
0
0
0
7,13944120441817
6,40189524466271
2,39560091445033
0
0
0
0
2,66114750810331
0
0
0
0
0
0
0
0
0
0
0
0
0
0
0
0
0
0
0
0
0
0
0
0
0
0
0
0
0
4,73966674561328
0
0
0
6,82676762725224
5,22216775788503
0
0
2,65165473413968
0
0
3,95029075804868
0
2,49397150991602
0
0
0
0
0
2,47091853974840
0
0
0
0
0
0
0
0
0
0
0
0
0
5,41050839118803
0
0
6,82477939763685
0
0
0
7,87448837881160
0
0
0
0
0
1,40417428473452
7,30743134729502
0
0
4,27852426388123
0
4,00788716314452
0
0
0
0
0
0
0
0
0
0
4,04191772017877
0
0
0
0
0
0
2,90054593148475
0
0
0
3,65761804042544
0
0
0
6,08181830119962
0
0
0
0
0
0
7,59039377924057
1,07932892493224
0
0
4,45414856134908
0
0
4,27219847895023
0
0
0
0
0
0
0
3,76988513006976
0
0
7,52374936036833
0
0
0
7,53608914616810
0
0
0
0
0
0
0
0
5,74937978245670
0
0
0
0
0
0
0,368873595909610
0
3,18084307904181
0
0
0,284287308081134
0
0
0
0
0
7,55379457912926
0
0
0
0
0
4,74928549937370
0
0
0
2,69706632000142
3,81511904965409
0
4,36840745087447
0
0
5,98126692586241
8,32997038696292
5,39304665157098
0
0
5,58961517244256
0
0
0
0
0
5,41203136419914
0
0
7,14986769479469
3,61396036482646
0
0
0
0
6,66971230213621
0
0
0
0
5,60270624392441
0
0
4,26946333311154
3,87566937611763
4,90023798488768
0
0
0
0
0
0
0
0
0
0
0
0
0
0
0
0
0
0
0
0
0
0
0
0
0
0
2,05027961628207
0
0
0
0
0
0
0
0
6,81465247655356
0
0
0
0
0
0
0
0
0
5,72014291128540
5,44393036491715
0
3,91419409989128
0
4,87514054136139
0
0
8,02444230506378
5,06592255644557
1,18669483910617
0
0
0
0
0
0
5,71867423742923
0
0
0
0
0
0
0
0
0
0
0
0
0
0
0
0
0
0
0
0
10,2936153985217
3,65680219520443
0
0
8,05035013429484
0
9,32054343224274
0
4,34665336611622
1,45100532142456
0
0
0
1,28629872213142
0
0
0
0
0
0
0
0
0
0
0
0
0
3,86671476951385
3,89217929161307
0
0
0
0
0
0
0
0
0
0
0
0
0
0
0
0
0
0
0
0
0
0
0
0
0
0
4,99738180805979
0
0
0
0
0
0
9,51970949624315
0
0
0
9,38478015354571
0
1,19918617756735
3,39170771695812
1,83198021026166
0
6,66999621284948
0
0
0
0
5,74324315740532
0
0
0
5,29395950940265
0
2,94452339416831
0
10,8101612209117
0
0
3,64601456809595
0
0
0
2,28584531096510
0
0
3,18630334859219
0
0
0
0
0
0
0
0
0
0
0
0
4,74599762776751
0
0
1,48130512942744
0
0
11,9592770166989
0
0
0
6,72025521732629
0
0
0
0
0
0
0
0
0
0
0
0
0
0
0
0
0
0
0
8,67742405899328
0
4,31590616476787
0
0
0
0
0
0
0
0
5,15924415944044
0
3,48158308044211
2,82401551325873
4,51099207037802
0
0
3,01266161007684
0
0
0
5,75930825727047
0
3,53116769184510
0
0
0
0
8,34422874636524
0
7,39502005636711
0
0
0
0
0
0
0
0
0
0
0
5,37940341004649
0
0
0
3,33167978993023
0
0
3,11291490624998
6,49171808943837
7,85656415950006
0
9,32622820103962
0
0
1,97760329683933
0
0
0
0
0
0
0
0
0
0,989672664019209
3,16182275060042
8,77437812836676
3,38288514088636
0
6,16636015805208
0
0
8,97873891415682
0
0
0
2,31287289392736
0
4,08811331023013
0
0
0
0
0
0
5,92601394761486
0
0
0
0,347055590648102
0
0
0
0
6,27189874964743
0
0
0
0
0
2,73339948450527
0
0
0
0
6,41358425214751
7,91108147077943
3,18502361444644
0
0
0
0
0
7,63057205831460
0
0
0
5,21597313807131
5,59375610897183
0
0
0
0
4,41456544712748
0
0
0
0
0
2,56825776041040
0
5,87077886022915
0
0
0
10,4832836046988
0
0
6,36720747504120
0
0
0
8,08842394214486
0
0
0
0
0
1,89279994095224
0
0
0
0
5,25452640240658
0
0
5,96804211301389
0
0
1,87643956446109
0
0
0
2,55288645925695
0
0
0
0
0
0
0
0
0
0
0
0
0
0
0
0
0
0
0
0
7,35484406428333
0
9,03200242569783
0
0
0
0
8,00113567842799
0
0
5,40114732771318
0
0
0
0
0
0
0
5,71975540507209
0
0
3,52371479313900
5,50989697953382
10,7146439169249
0
0
0
0
0
8,15703045047648
0
0
0
0
0
0
0
0
0
0
4,20098566526250
0
0
0
6,53266155591926
7,91247306722600
0
6,48468896794882
4,05877958671444
0
0
0
0
0
0
7,75422912060295
0
0
0
0
0
0
0
0
0
0
0
0
3,15142034992740
0
0
0
0
5,28114190907782
0
0
0
0
4,04854846661121
8,41892795122535
0
0
0
0
0
0
0
2,72667472719492
0
5,98645706865694
0
0
0
3,35805138884057
0
0
0
0
0
0
6,95614287767377
0
0
0
0
6,80703780634717
0
6,00750766577107
0
4,41685665763615
0
0
0
0
0
0
0
0
0
0
0
6,19422328509135
0
4,40667346626338
0
0
0
0
1,14597357100476
0
6,06305710541765
0
0
0
0
0
0
0
0
5,22769755315357
0
0
7,76452768527652
0
0
0
0
0
0
0
0
0
0
0
2,99257059871277
8,23886717252761
7,92114987754828
0
0
0
0
0
0
0
3,26694470418690
0
0
1,78274084490151
0
0
0
0
0
0
0
0
0
0
0
0
0
4,58727379763063
0
0,314353893556116
1,18831975052683
0
0
6,54261608375266
0
0
0
0
0
8,45141703011848
0
0
0
0
0
5,72371392960531
0
0
0
0
0
0
0
0
0
0
9,20727864165737
0
0
0
4,94710080948604
0
0
0
9,66688213866327
0
0
0
0
0
6,28946424893121
1,90543405271050
0
0
0
4,84683831672290
6,20112931933033
2,86093185920533
0
0
0
0
0
0
0
0
1,09188404674394
0
0
0
0
0
0
0
6,06856300374203
0
0
0
0
0
0
5,88418333926102
0
0,512205441430138
0
0
0
0
0
0,817278515804799
0
0
0
0
0
0
4,37493341070953
0
2,12438387083820
0
0
0
5,83105426312852
0
0
0
8,72699925542606
0
0
2,80113029659379
0
0
0
0
0
0
3,48973748254533
0
0
0,846805824062134
0
0
8,26415129119191
4,54680623520875
10,3023179278142
6,22615314328127
0
8,04248124103270
0
0
0
0
0
0
0
0
0
0
0,564773825351979
0
0
0
3,32906236563497
12,4642328917308
0
0
0
0
6,47789110651418
0
0
0
0
5,76730761946907
0
0
0
0
3,73703845365897
0
0
0
0
1,54358944546299
0
0
0
5,78011829811207
0
0
0
4,64321571250719
0
5,36686802312544
0
0
0
0
0
0
0
0
0
0
0
0
0
0
0
0
0
0